-0.108279	0.0577764	0.526636	
-0.109144	0.054906	0.535917	
-0.10836	0.0516427	0.545074	
-0.10595	0.0480857	0.553829	
-0.101988	0.0443431	0.561917	
-0.0965939	0.0405286	0.569091	
-0.0899318	0.0367581	0.575134	
-0.0822041	0.0331461	0.579862	
-0.0736455	0.0298025	0.583131	
-0.108232	0.0300221	0.520064	
-0.109099	0.0284232	0.529646	
-0.108318	0.027236	0.539295	
-0.105913	0.0264967	0.548717	
-0.101957	0.0262278	0.557627	
-0.0965699	0.0264374	0.565755	
-0.0899154	0.0271191	0.572852	
-0.0821957	0.0282523	0.578703	
-0.0736455	0.0298025	0.583131	
-0.0947577	0.00490458	0.519037	
-0.0962423	0.00445626	0.528666	
-0.0964695	0.00514799	0.538391	
-0.0954324	0.00695873	0.547918	
-0.0931626	0.00983347	0.556957	
-0.089729	0.0136849	0.565233	
-0.0852359	0.0183959	0.572495	
-0.0798199	0.0238234	0.578522	
-0.0736455	0.0298025	0.583131	
-0.0714673	-0.010846	0.52383	
-0.0740188	-0.0105728	0.533239	
-0.0759883	-0.00870285	0.542606	
-0.0773157	-0.00529305	0.551646	
-0.0779609	-0.000446992	0.560085	
-0.0779041	0.00568809	0.567666	
-0.0771472	0.0129258	0.574159	
-0.0757132	0.0210462	0.579367	
-0.0736455	0.0298025	0.583131	
-0.0446011	-0.0130093	0.533159	
-0.0483834	-0.0126369	0.54214	
-0.0523625	-0.0106052	0.55081	
-0.0564175	-0.00697576	0.558903	
-0.0604252	-0.00185896	0.566174	
-0.0642638	0.00458977	0.572403	
-0.0678167	0.0121745	0.577399	
-0.0709759	0.0206647	0.581012	
-0.0736455	0.0298025	0.583131	
-0.021358	-0.00100554	0.544524	
-0.0262051	-0.00118311	0.552985	
-0.0319228	-4.92852e-05	0.560804	
-0.0383376	0.00236147	0.567743	
-0.0452543	0.00597592	0.573592	
-0.052463	0.0106842	0.578173	
-0.0597445	0.0163433	0.581346	
-0.0668775	0.0227813	0.583016	
-0.0736455	0.0298025	0.583131	
-0.00796581	0.0219488	0.55488	
-0.0134264	0.0207196	0.562866	
-0.020146	0.0201364	0.569911	
-0.0279203	0.0202168	0.575799	
-0.0365132	0.0209583	0.580352	
-0.0456636	0.0223384	0.583431	
-0.0550934	0.0243153	0.584943	
-0.0645161	0.0268288	0.584842	
-0.0736455	0.0298025	0.583131	
-0.00801306	0.0497031	0.561452	
-0.0134715	0.0472025	0.569137	
-0.0201875	0.0445431	0.57569	
-0.0279571	0.0418058	0.580911	
-0.0365441	0.0390736	0.584641	
-0.0456876	0.0364297	0.586767	
-0.0551098	0.0339542	0.587225	
-0.0645245	0.0317226	0.586001	
-0.0736455	0.0298025	0.583131	
-0.105185	0.0981017	0.517165	
-0.106232	0.0984861	0.526853	
-0.105691	0.0982674	0.536589	
-0.103578	0.0974523	0.546075	
-0.0999565	0.0960655	0.555023	
-0.0949369	0.0941492	0.563163	
-0.0886718	0.0917615	0.570245	
-0.0813515	0.0889752	0.576056	
-0.0731984	0.0858747	0.580418	
-0.108544	0.0699053	0.519843	
-0.109437	0.0715814	0.529409	
-0.108645	0.0734719	0.538944	
-0.106191	0.0755193	0.548158	
-0.102149	0.0776616	0.556772	
-0.0966423	0.0798335	0.564522	
-0.0898384	0.081969	0.571175	
-0.0819438	0.0840034	0.576528	
-0.0731984	0.0858747	0.580418	
-0.0981685	0.0443855	0.527232	
-0.0995376	0.0472307	0.53646	
-0.0995214	0.0510301	0.545442	
-0.0981204	0.0556685	0.553906	
-0.095377	0.0610047	0.561594	
-0.0913748	0.0668767	0.568274	
-0.0862352	0.0731061	0.573742	
-0.0801144	0.0795036	0.577831	
-0.0731984	0.0858747	0.580418	
-0.0768393	0.0283803	0.537351	
-0.0791856	0.0319587	0.546115	
-0.0807649	0.0369555	0.55434	
-0.0815292	0.0432187	0.561777	
-0.0814554	0.0505581	0.568199	
-0.0805456	0.0587507	0.573412	
-0.0788276	0.0675476	0.577256	
-0.0763535	0.0766814	0.579615	
-0.0731984	0.0858747	0.580418	
-0.0502711	0.0261784	0.547489	
-0.0538345	0.0298577	0.555789	
-0.0574012	0.0350191	0.563256	
-0.0608629	0.0415059	0.569663	
-0.0641143	0.0491209	0.574816	
-0.0670566	0.0576328	0.578559	
-0.0696006	0.0667829	0.580777	
-0.0716688	0.0762932	0.581403	
-0.0731984	0.0858747	0.580418	
-0.0255829	0.0383697	0.55493	
-0.0302773	0.0414905	0.562888	
-0.0356908	0.0457399	0.569799	
-0.0416588	0.050989	0.575451	
-0.0480002	0.0570782	0.579673	
-0.0545221	0.0638224	0.582336	
-0.0610264	0.0710168	0.583361	
-0.0673156	0.0784428	0.582715	
-0.0731984	0.0858747	0.580418	
-0.00938984	0.0616875	0.557679	
-0.014826	0.0637401	0.565512	
-0.0214508	0.0662453	0.572216	
-0.0290629	0.0691271	0.577589	
-0.0374309	0.0722978	0.581467	
-0.0463007	0.0756612	0.583732	
-0.0554027	0.079115	0.584316	
-0.0644603	0.0825544	0.5832	
-0.0731984	0.0858747	0.580418	
-0.00603083	0.089884	0.555	
-0.0116209	0.0906448	0.562956	
-0.0184969	0.0910408	0.569861	
-0.02645	0.09106	0.575506	
-0.0352384	0.0907017	0.579719	
-0.0445952	0.0899769	0.582372	
-0.0542361	0.0889076	0.583385	
-0.063868	0.0875262	0.582727	
-0.0731984	0.0858747	0.580418	
-0.097476	0.132589	0.495334	
-0.0983115	0.136185	0.504361	
-0.0976406	0.139042	0.513662	
-0.0954838	0.141073	0.522954	
-0.0919064	0.142216	0.531954	
-0.0870173	0.142437	0.54039	
-0.0809649	0.14173	0.548005	
-0.0739333	0.140115	0.554567	
-0.0661359	0.137642	0.559878	
-0.104117	0.107349	0.506836	
-0.104649	0.112101	0.515337	
-0.103481	0.116846	0.523777	
-0.10065	0.121439	0.531901	
-0.0962413	0.125742	0.539462	
-0.0903892	0.129623	0.54623	
-0.0832715	0.132964	0.552	
-0.0751043	0.135665	0.556595	
-0.0661359	0.137642	0.559878	
-0.0967286	0.0845186	0.522253	
-0.0975984	0.0903163	0.530047	
-0.0969834	0.0967687	0.537334	
-0.0949024	0.10368	0.543893	
-0.0914186	0.11084	0.549525	
-0.0866378	0.118031	0.554057	
-0.0807054	0.125035	0.557354	
-0.0738015	0.131639	0.559314	
-0.0661359	0.137642	0.559878	
-0.0772893	0.0702154	0.537453	
-0.0790496	0.0766683	0.54455	
-0.0798888	0.0841908	0.550701	
-0.0797813	0.0925541	0.555716	
-0.0787305	0.101504	0.559445	
-0.0767683	0.110769	0.561774	
-0.0739542	0.120068	0.562633	
-0.0703738	0.129117	0.561994	
-0.0661359	0.137642	0.559878	
-0.0510083	0.0682721	0.548363	
-0.0539726	0.0748141	0.554961	
-0.0567777	0.0824818	0.560295	
-0.0593383	0.0910425	0.564203	
-0.0615768	0.100236	0.566567	
-0.063425	0.109783	0.567314	
-0.0648269	0.119393	0.566422	
-0.0657398	0.128774	0.563918	
-0.0661359	0.137642	0.559878	
-0.0249276	0.0792094	0.55206	
-0.0290866	0.0852503	0.558488	
-0.0338427	0.0920999	0.563546	
-0.0390511	0.0995501	0.567079	
-0.0445538	0.107375	0.56898	
-0.0501835	0.115336	0.569191	
-0.0557692	0.123191	0.567706	
-0.061141	0.130703	0.56457	
-0.0661359	0.137642	0.559878	
-0.00603543	0.100097	0.547553	
-0.0110599	0.105181	0.554188	
-0.0172292	0.110468	0.559583	
-0.0243556	0.115797	0.563573	
-0.0322228	0.121008	0.566038	
-0.0405917	0.12594	0.566903	
-0.049208	0.130445	0.566141	
-0.0578098	0.134386	0.563775	
-0.0661359	0.137642	0.559878	
0.000606023	0.125337	0.536051	
-0.00472275	0.129265	0.543213	
-0.0113888	0.132664	0.549468	
-0.0191895	0.135431	0.554626	
-0.0278879	0.137482	0.55853	
-0.0372198	0.138755	0.561063	
-0.0469014	0.139211	0.562146	
-0.0566388	0.138836	0.561747	
-0.0661359	0.137642	0.559878	
-0.086083	0.15708	0.463777	
-0.0863371	0.163456	0.471153	
-0.085179	0.169047	0.479059	
-0.0826439	0.173685	0.487256	
-0.0788088	0.177228	0.495493	
-0.0737903	0.179569	0.503521	
-0.0677408	0.180637	0.511096	
-0.0608441	0.180398	0.517988	
-0.0533098	0.178861	0.523987	
-0.0954871	0.137837	0.482613	
-0.0953104	0.145094	0.489126	
-0.0934489	0.152126	0.495623	
-0.089959	0.158717	0.501907	
-0.0849469	0.164669	0.507787	
-0.0785649	0.169799	0.513084	
-0.0710068	0.173954	0.517637	
-0.0625023	0.177005	0.521309	
-0.0533098	0.178861	0.523987	
-0.0906117	0.120463	0.5047	
-0.0906583	0.128516	0.510202	
-0.0891615	0.136847	0.515047	
-0.0861666	0.145202	0.519088	
-0.0817647	0.153328	0.522204	
-0.0760896	0.160978	0.524298	
-0.0693136	0.16792	0.525308	
-0.0616427	0.173941	0.525203	
-0.0533098	0.178861	0.523987	
-0.072763	0.109613	0.524122	
-0.0736274	0.118163	0.528733	
-0.0734657	0.127306	0.532126	
-0.0722829	0.136763	0.534196	
-0.0701149	0.146247	0.53488	
-0.0670276	0.15547	0.534159	
-0.0631148	0.164151	0.532054	
-0.0584955	0.172028	0.528628	
-0.0533098	0.178861	0.523987	
-0.0467238	0.108195	0.535674	
-0.048781	0.11681	0.539756	
-0.0505671	0.126058	0.542284	
-0.0520279	0.135659	0.543181	
-0.0531189	0.145321	0.54242	
-0.0538071	0.154749	0.540024	
-0.0540715	0.163659	0.536065	
-0.053904	0.171778	0.530665	
-0.0533098	0.178861	0.523987	
-0.019471	0.116588	0.53626	
-0.0227767	0.124818	0.540315	
-0.0266014	0.133439	0.5428	
-0.030829	0.142188	0.543637	
-0.035331	0.150799	0.542803	
-0.0399705	0.159011	0.540321	
-0.0446067	0.166574	0.536269	
-0.0490986	0.173258	0.530768	
-0.0533098	0.178861	0.523987	
0.00169285	0.132543	0.525724	
-0.00258237	0.140043	0.530262	
-0.00799025	0.14747	0.533534	
-0.0143664	0.154599	0.535441	
-0.0215172	0.161213	0.535926	
-0.0292253	0.167111	0.534972	
-0.0372566	0.172115	0.53261	
-0.0453669	0.176071	0.52891	
-0.0533098	0.178861	0.523987	
0.011097	0.151786	0.506888	
0.00639095	0.158404	0.512289	
0.000279609	0.164392	0.516971	
-0.00705133	0.169567	0.52079	
-0.0153791	0.173773	0.523632	
-0.0244507	0.176881	0.525409	
-0.0339905	0.178798	0.526068	
-0.0437087	0.179464	0.525589	
-0.0533098	0.178861	0.523987	
-0.0723797	0.16862	0.426301	
-0.0717533	0.177009	0.431235	
-0.0698094	0.184666	0.436954	
-0.066607	0.191357	0.443286	
-0.0622435	0.19688	0.450037	
-0.0568513	0.201066	0.457002	
-0.0505944	0.203788	0.46397	
-0.0436628	0.204965	0.470729	
-0.0362671	0.204559	0.477074	
-0.0836935	0.157693	0.450094	
-0.0825489	0.166583	0.453938	
-0.0797587	0.175057	0.457877	
-0.0754077	0.182857	0.461793	
-0.0696281	0.189748	0.465566	
-0.0625955	0.195518	0.469082	
-0.0545236	0.199994	0.472233	
-0.0456577	0.203038	0.474924	
-0.0362671	0.204559	0.477074	
-0.0805555	0.147884	0.476691	
-0.0795546	0.157223	0.479317	
-0.0769991	0.166431	0.481267	
-0.0729667	0.175228	0.482483	
-0.0675799	0.183345	0.482927	
-0.0610023	0.190538	0.482586	
-0.0534338	0.196587	0.48147	
-0.0451044	0.201308	0.479614	
-0.0362671	0.204559	0.477074	
-0.0638065	0.141822	0.498967	
-0.0635728	0.151439	0.500572	
-0.0622703	0.1611	0.500856	
-0.0599382	0.170512	0.49981	
-0.0566477	0.179389	0.497466	
-0.0524985	0.18746	0.493896	
-0.0476169	0.194482	0.489207	
-0.0421511	0.20024	0.483542	
-0.0362671	0.204559	0.477074	
-0.0379342	0.141131	0.510953	
-0.0388859	0.15078	0.512009	
-0.0395186	0.160493	0.511396	
-0.0398132	0.169975	0.509133	
-0.0397608	0.178938	0.505289	
-0.0393629	0.187109	0.499981	
-0.0386316	0.194242	0.493369	
-0.0375891	0.200118	0.485655	
-0.0362671	0.204559	0.477074	
-0.00987133	0.145996	0.509436	
-0.0121086	0.155422	0.510561	
-0.0148405	0.164771	0.510062	
-0.0179842	0.173759	0.507953	
-0.021444	0.182113	0.504299	
-0.025115	0.18958	0.499211	
-0.0288854	0.195931	0.492842	
-0.0326409	0.200976	0.485388	
-0.0362671	0.204559	0.477074	
0.0128629	0.155114	0.494823	
0.00958415	0.164122	0.496618	
0.0051516	0.172789	0.497212	
-0.000300112	0.180851	0.496587	
-0.00660534	0.188064	0.494762	
-0.0135725	0.194209	0.491792	
-0.0209899	0.199098	0.487768	
-0.0286322	0.202583	0.482811	
-0.0362671	0.204559	0.477074	
0.0241767	0.166041	0.471031	
0.0203797	0.174548	0.473915	
0.0151008	0.182398	0.476289	
0.0085005	0.189351	0.478079	
0.000779245	0.195196	0.479232	
-0.00782832	0.199756	0.479712	
-0.0170607	0.202893	0.479504	
-0.0266373	0.20451	0.478616	
-0.0362671	0.204559	0.477074	
-0.0494569	0.057944	0.558934	
-0.045507	0.0552208	0.567425	
-0.0401813	0.0521294	0.574988	
-0.0336415	0.0487638	0.581393	
-0.0260866	0.0452261	0.586445	
-0.0177459	0.041624	0.589991	
-0.0088729	0.0380668	0.591923	
0.000262753	0.0346627	0.592182	
0.00938351	0.031515	0.590761	
-0.052069	0.0300847	0.553409	
-0.0479994	0.0286377	0.562153	
-0.0424783	0.0276303	0.570129	
-0.0356734	0.027093	0.577095	
-0.0277915	0.0270422	0.582838	
-0.019072	0.0274794	0.587185	
-0.00978006	0.0283913	0.590004	
-0.000197822	0.0297503	0.591208	
0.00938351	0.031515	0.590761	
-0.040343	0.00517448	0.54596	
-0.0368106	0.00486869	0.555046	
-0.0321666	0.00572464	0.563579	
-0.0265521	0.00771633	0.571301	
-0.0201379	0.0107832	0.577977	
-0.0131186	0.0148322	0.583404	
-0.00570766	0.0197401	0.587417	
0.00186979	0.025358	0.589894	
0.00938351	0.031515	0.590761	
-0.0174209	-0.0101119	0.538585	
-0.0149386	-0.00971738	0.548008	
-0.0120092	-0.00771795	0.557093	
-0.00872193	-0.00417434	0.565564	
-0.00517653	0.000805781	0.573163	
-0.00148076	0.0070711	0.579659	
0.00225309	0.0144312	0.584855	
0.00591157	0.0226626	0.588594	
0.00938351	0.031515	0.590761	
0.0105553	-0.0116784	0.533258	
0.011756	-0.0112122	0.542925	
0.0125926	-0.00909556	0.552409	
0.0130397	-0.00539291	0.56142	
0.0130836	-0.000216718	0.569686	
0.0127231	0.00627573	0.576954	
0.0119691	0.0138872	0.583005	
0.0108445	0.0223863	0.587655	
0.00938351	0.031515	0.590761	
0.0360894	0.000894562	0.531408	
0.0361204	0.000784841	0.54116	
0.035047	0.00196095	0.550781	
0.0329017	0.00438715	0.559981	
0.0297499	0.00798972	0.568478	
0.0256872	0.0126592	0.576015	
0.020837	0.0182537	0.582363	
0.0153469	0.0246033	0.587328	
0.00938351	0.031515	0.590761	
0.0523396	0.0242382	0.533529	
0.0516262	0.0230591	0.543184	
0.0493372	0.022489	0.552647	
0.0455421	0.0225453	0.561631	
0.0403564	0.0232262	0.569863	
0.0339376	0.0245111	0.577092	
0.0264807	0.0263609	0.5831	
0.0182122	0.0287194	0.587702	
0.00938351	0.031515	0.590761	
0.0549517	0.0520975	0.539055	
0.0541186	0.0496422	0.548456	
0.0516342	0.0469881	0.557506	
0.047574	0.044216	0.565929	
0.0420613	0.0414101	0.573469	
0.0352638	0.0386556	0.579898	
0.0273878	0.0360363	0.585019	
0.0186728	0.0336318	0.588677	
0.00938351	0.031515	0.590761	
-0.0524202	0.0981443	0.548906	
-0.0484983	0.0986791	0.557819	
-0.0431635	0.0986375	0.565983	
-0.0365778	0.0980208	0.57315	
-0.0289413	0.0968477	0.579102	
-0.0204861	0.0951538	0.583658	
-0.011469	0.0929907	0.586679	
-0.00216417	0.090424	0.588075	
0.00714583	0.0875318	0.587802	
-0.0533531	0.0699477	0.553098	
-0.0493885	0.0717742	0.56182	
-0.0439838	0.0738418	0.56967	
-0.0373034	0.0760877	0.576411	
-0.0295502	0.0784437	0.581838	
-0.0209597	0.080838	0.585786	
-0.011793	0.0831981	0.588135	
-0.00232866	0.0854522	0.588814	
0.00714583	0.0875318	0.587802	
-0.0400994	0.0447308	0.554491	
-0.0367419	0.0477125	0.563149	
-0.0323287	0.0516664	0.570895	
-0.0269939	0.0564724	0.577495	
-0.0208994	0.0619844	0.582748	
-0.0142306	0.068035	0.586494	
-0.00719007	0.0744404	0.588619	
8.32481e-06	0.0810058	0.58906	
0.00714583	0.0875318	0.587802	
-0.0162105	0.0292502	0.552711	
-0.0139474	0.0329411	0.56145	
-0.0113212	0.0380531	0.569329	
-0.0084116	0.0444307	0.57611	
-0.00530707	0.0518802	0.581585	
-0.00210192	0.0601754	0.58559	
0.00110646	0.069064	0.588001	
0.00422058	0.0782762	0.588746	
0.00714583	0.0875318	0.587802	
0.0119126	0.0276542	0.548234	
0.0128874	0.0314182	0.557178	
0.0134099	0.0366495	0.565393	
0.0134643	0.0431892	0.572628	
0.013049	0.0508385	0.578664	
0.0121766	0.059365	0.583317	
0.0108735	0.0685097	0.586446	
0.00917945	0.0779947	0.587956	
0.00714583	0.0875318	0.587802	
0.0367344	0.0403702	0.542261	
0.036572	0.0435517	0.551479	
0.0352378	0.0478318	0.56014	
0.0327722	0.0530805	0.567982	
0.0292503	0.0591383	0.574765	
0.0247789	0.0658212	0.580284	
0.019494	0.072926	0.584372	
0.0135562	0.0802369	0.586903	
0.00714583	0.0875318	0.587802	
0.0516038	0.0639912	0.536392	
0.0507603	0.0660905	0.545879	
0.0483137	0.0686037	0.554979	
0.0443386	0.0714543	0.563416	
0.0389556	0.0745558	0.570934	
0.0323283	0.0778138	0.577304	
0.0246581	0.0811294	0.582333	
0.0161781	0.0844019	0.585868	
0.00714583	0.0875318	0.587802	
0.0525367	0.0921877	0.532199	
0.0516504	0.0929954	0.541878	
0.0491341	0.0933994	0.551292	
0.0450642	0.0933874	0.560155	
0.0395645	0.0929598	0.568198	
0.0328019	0.0921296	0.575176	
0.0249821	0.090922	0.580877	
0.0163426	0.0893737	0.585129	
0.00714583	0.0875318	0.587802	
-0.0574263	0.13237	0.525906	
-0.0537237	0.136107	0.534119	
-0.048563	0.139134	0.541821	
-0.042101	0.14136	0.548778	
-0.0345342	0.142717	0.554779	
-0.0260923	0.143163	0.559642	
-0.0170318	0.142685	0.56322	
-0.00762821	0.141298	0.565402	
0.0018329	0.139044	0.566124	
-0.0568629	0.107228	0.539362	
-0.053186	0.112117	0.546958	
-0.0480675	0.117025	0.553653	
-0.0416627	0.121803	0.559245	
-0.0341664	0.126307	0.563562	
-0.0258062	0.130398	0.566474	
-0.0168361	0.133954	0.567893	
-0.00752886	0.136865	0.567775	
0.0018329	0.139044	0.566124	
-0.0422478	0.0847899	0.549182	
-0.0392406	0.0907065	0.556328	
-0.0352153	0.0972931	0.562289	
-0.0302943	0.104349	0.566883	
-0.0246271	0.111661	0.569971	
-0.0183859	0.119006	0.57146	
-0.0117604	0.126161	0.571303	
-0.00495184	0.132909	0.569506	
0.0018329	0.139044	0.566124	
-0.0174974	0.0710681	0.552735	
-0.015624	0.0776134	0.559718	
-0.0134501	0.0852264	0.565413	
-0.0110419	0.0936758	0.569647	
-0.00847239	0.102705	0.572291	
-0.0058198	0.112039	0.573264	
-0.00316466	0.121396	0.572537	
-0.000587663	0.130489	0.570133	
0.0018329	0.139044	0.566124	
0.0107566	0.0697392	0.549069	
0.0113357	0.0763454	0.55622	
0.0113961	0.0840578	0.56219	
0.0109359	0.0926422	0.566795	
0.00996912	0.101838	0.569898	
0.00852515	0.111365	0.571403	
0.00664786	0.120934	0.571264	
0.00439429	0.130255	0.569486	
0.0018329	0.139044	0.566124	
0.0349436	0.0811595	0.539166	
0.0344147	0.0872424	0.546771	
0.0326657	0.0941006	0.553481	
0.02975	0.101526	0.559092	
0.025756	0.109292	0.563434	
0.0208052	0.117163	0.566375	
0.0150479	0.1249	0.567825	
0.0086591	0.132269	0.56774	
0.0018329	0.139044	0.566124	
0.0485826	0.102269	0.52568	
0.0474289	0.107385	0.533903	
0.0446597	0.112664	0.541622	
0.0403593	0.117946	0.548602	
0.0346583	0.12307	0.554632	
0.0277299	0.12788	0.559528	
0.0197847	0.132231	0.563141	
0.011064	0.135991	0.565362	
0.0018329	0.139044	0.566124	
0.0480192	0.127411	0.512225	
0.0468912	0.131375	0.521064	
0.0441642	0.134773	0.529789	
0.039921	0.137503	0.538135	
0.0342905	0.13948	0.545849	
0.0274438	0.140645	0.552696	
0.019589	0.140963	0.558468	
0.0109647	0.140424	0.56299	
0.0018329	0.139044	0.566124	
-0.0638715	0.156493	0.492711	
-0.0605529	0.16299	0.499183	
-0.0557286	0.168735	0.505414	
-0.0495452	0.173555	0.511216	
-0.0421906	0.177301	0.516411	
-0.0338882	0.179861	0.520841	
-0.0248903	0.181157	0.524373	
-0.0154703	0.181149	0.526899	
-0.00591447	0.179838	0.528342	
-0.062175	0.137429	0.513857	
-0.0589341	0.144799	0.519361	
-0.0542367	0.151971	0.52401	
-0.0482256	0.158725	0.527665	
-0.0410833	0.164858	0.530213	
-0.0330269	0.170182	0.531578	
-0.0243011	0.174536	0.531717	
-0.0151712	0.177788	0.530628	
-0.00591447	0.179838	0.528342	
-0.0465292	0.12052	0.530674	
-0.0440051	0.128665	0.535407	
-0.0404781	0.137102	0.538799	
-0.0360553	0.145573	0.540746	
-0.0308712	0.153822	0.54119	
-0.0250833	0.161598	0.540116	
-0.0188674	0.168664	0.537558	
-0.0124124	0.174806	0.533593	
-0.00591447	0.179838	0.528342	
-0.0211264	0.110298	0.538655	
-0.019766	0.118911	0.543023	
-0.0181392	0.128112	0.545817	
-0.0162954	0.137621	0.546954	
-0.0142907	0.14715	0.546399	
-0.012186	0.156408	0.544168	
-0.0100451	0.165114	0.54033	
-0.00793323	0.173004	0.535	
-0.00591447	0.179838	0.528342	
0.00722674	0.109501	0.535662	
0.00728825	0.118151	0.540167	
0.00679413	0.127411	0.543185	
0.0057594	0.137001	0.544626	
0.00421549	0.146629	0.544445	
0.00220932	0.156003	0.542648	
-0.00019816	0.164837	0.53929	
-0.0029338	0.172863	0.534473	
-0.00591447	0.179838	0.528342	
0.030933	0.118342	0.522497	
0.0299085	0.126587	0.527604	
0.0276411	0.135187	0.531608	
0.0241996	0.143879	0.534385	
0.0196887	0.1524	0.535852	
0.0142453	0.160492	0.535964	
0.00803496	0.167908	0.534718	
0.00124626	0.174422	0.532151	
-0.00591447	0.179838	0.528342	
0.0436404	0.134454	0.502686	
0.0420338	0.141961	0.508702	
0.0388158	0.149355	0.514187	
0.0340842	0.156411	0.518975	
0.0279828	0.162916	0.522922	
0.020697	0.168672	0.525906	
0.0124482	0.173503	0.527838	
0.00348692	0.177263	0.528658	
-0.00591447	0.179838	0.528342	
0.0419439	0.153518	0.48154	
0.040415	0.160151	0.488524	
0.0373239	0.166119	0.495591	
0.0327646	0.171241	0.502526	
0.0268755	0.17536	0.509119	
0.0198357	0.178351	0.51517	
0.011859	0.180124	0.520494	
0.00318778	0.180625	0.524929	
-0.00591447	0.179838	0.528342	
-0.0709783	0.167603	0.453322	
-0.0681622	0.176085	0.457225	
-0.063796	0.18387	0.461156	
-0.0580124	0.190721	0.464994	
-0.0509871	0.196429	0.468624	
-0.0429336	0.200822	0.471934	
-0.0340966	0.203766	0.474826	
-0.0247447	0.20517	0.477209	
-0.0151618	0.204994	0.479013	
-0.0686488	0.156907	0.479659	
-0.0659394	0.16588	0.482356	
-0.0617474	0.174464	0.484316	
-0.0562003	0.182401	0.485481	
-0.0494666	0.189448	0.485814	
-0.0417509	0.195392	0.485306	
-0.0332876	0.200051	0.483973	
-0.0243339	0.203285	0.481853	
-0.0151618	0.204994	0.479013	
-0.0524271	0.147612	0.501199	
-0.0504608	0.15701	0.502909	
-0.0474823	0.16629	0.503258	
-0.0435821	0.175171	0.502236	
-0.0388787	0.183381	0.499873	
-0.0335149	0.190672	0.496242	
-0.0276539	0.196823	0.491453	
-0.0214736	0.201646	0.485651	
-0.0151618	0.204994	0.479013	
-0.0266599	0.142208	0.512169	
-0.025874	0.151853	0.513376	
-0.024823	0.161538	0.512905	
-0.0235387	0.170967	0.510769	
-0.0220603	0.179854	0.507033	
-0.0204325	0.187928	0.501812	
-0.018705	0.194946	0.495263	
-0.0169301	0.200693	0.487586	
-0.0151618	0.204994	0.479013	
0.00174869	0.142143	0.50963	
0.00123313	0.151791	0.510953	
0.000159089	0.161481	0.510672	
-0.00144079	0.170916	0.508794	
-0.00351791	0.179811	0.505376	
-0.00600915	0.187896	0.500523	
-0.00883881	0.194923	0.494381	
-0.0119209	0.200681	0.487138	
-0.0151618	0.204994	0.479013	
0.0251864	0.147434	0.494262	
0.0235972	0.156841	0.49629	
0.0207699	0.166134	0.497158	
0.0167905	0.175032	0.49684	
0.01178	0.183265	0.495346	
0.00589052	0.190582	0.49272	
-0.000698964	0.196761	0.489044	
-0.00778822	0.201614	0.484428	
-0.0151618	0.204994	0.479013	
0.0373733	0.156665	0.470184	
0.0352257	0.165648	0.473314	
0.0314869	0.174251	0.475983	
0.0262702	0.182212	0.47811	
0.0197344	0.18929	0.479629	
0.0120779	0.195269	0.480495	
0.00353349	0.199967	0.480682	
-0.00563935	0.203242	0.480183	
-0.0151618	0.204994	0.479013	
0.0350438	0.167361	0.443846	
0.033003	0.175854	0.448183	
0.0294383	0.183657	0.452823	
0.0244582	0.190532	0.457623	
0.0182139	0.196271	0.462439	
0.0108952	0.200699	0.467123	
0.00272446	0.203681	0.471535	
-0.0060501	0.205128	0.475539	
-0.0151618	0.204994	0.479013	
0.0176131	0.0596219	0.557523	
0.0253359	0.0571101	0.562923	
0.0337951	0.0542365	0.566835	
0.0427336	0.0510884	0.569139	
0.0518799	0.0477613	0.569765	
0.060956	0.0443565	0.568694	
0.0696862	0.0409773	0.565959	
0.0778053	0.0377265	0.561643	
0.0850665	0.0347027	0.555877	
0.0132229	0.0316326	0.554233	
0.0211468	0.030403	0.559784	
0.0299344	0.0296231	0.563942	
0.0393186	0.0293165	0.56658	
0.0490143	0.0294926	0.567618	
0.058727	0.0301459	0.567024	
0.0681615	0.0312567	0.564817	
0.0770312	0.0327912	0.561063	
0.0850665	0.0347027	0.555877	
0.0202238	0.0067904	0.542094	
0.027827	0.00669891	0.548202	
0.0360909	0.00777728	0.553267	
0.0447643	0.00999276	0.557138	
0.0535839	0.013278	0.559695	
0.0622815	0.0175332	0.560861	
0.0705929	0.0226291	0.560601	
0.0782656	0.0284108	0.558923	
0.0850665	0.0347027	0.555877	
0.03674	-0.00824815	0.524359	
0.0435865	-0.00765071	0.531279	
0.0506149	-0.0054474	0.537671	
0.0576116	-0.00170516	0.543342	
0.064364	0.0034623	0.548119	
0.0706669	0.00989796	0.551856	
0.0763289	0.0174063	0.554441	
0.0811779	0.0257591	0.555795	
0.0850665	0.0347027	0.555877	
0.0583459	-0.00945353	0.505778	
0.0642026	-0.00880087	0.513549	
0.0696148	-0.00650739	0.521332	
0.074418	-0.00264278	0.528889	
0.0784663	0.00267554	0.535991	
0.0816365	0.00928597	0.542423	
0.0838326	0.0169877	0.547989	
0.0849876	0.0255466	0.552519	
0.0850665	0.0347027	0.555877	
0.0792522	0.00349724	0.491332	
0.0841512	0.00355662	0.499765	
0.0879996	0.00488133	0.508628	
0.0906803	0.00743114	0.517651	
0.0921119	0.0111286	0.526562	
0.092251	0.0158613	0.535088	
0.0910933	0.0214854	0.542971	
0.0886739	0.0278302	0.549972	
0.0850665	0.0347027	0.555877	
0.0938572	0.027134	0.484891	
0.0980872	0.0261106	0.493618	
0.100843	0.0256672	0.502963	
0.102041	0.0258173	0.512641	
0.101645	0.0265564	0.522357	
0.0996661	0.027862	0.531818	
0.0961655	0.0296944	0.540734	
0.0912492	0.031998	0.548836	
0.0850665	0.0347027	0.555877	
0.0982475	0.0551233	0.48818	
0.102276	0.0528177	0.496757	
0.104704	0.0502806	0.505856	
0.105456	0.0475891	0.5152	
0.10451	0.0448251	0.524504	
0.101895	0.0420725	0.533488	
0.0976902	0.039415	0.541877	
0.0920233	0.0369332	0.549416	
0.0850665	0.0347027	0.555877	
0.00912814	0.0995896	0.550039	
0.0169637	0.100342	0.555797	
0.0256619	0.100528	0.560204	
0.0349586	0.100142	0.563126	
0.0445712	0.0991953	0.564475	
0.0542076	0.0977175	0.564209	
0.0635751	0.0957532	0.562336	
0.0723891	0.0933619	0.558914	
0.0803816	0.0906165	0.554046	
0.0110526	0.0714583	0.554331	
0.0188	0.0734992	0.559893	
0.0273543	0.0757894	0.563979	
0.0364556	0.0782593	0.566465	
0.0458273	0.0808339	0.567276	
0.0551847	0.0834349	0.566388	
0.0642435	0.0859833	0.563827	
0.0727284	0.0884016	0.55967	
0.0803816	0.0906165	0.554046	
0.0237985	0.046487	0.54909	
0.030962	0.0496718	0.554891	
0.0385628	0.05383	0.559369	
0.0463701	0.0588351	0.562388	
0.0541466	0.064535	0.563855	
0.0616559	0.0707566	0.563727	
0.0686701	0.0773108	0.562006	
0.0749758	0.0839985	0.558746	
0.0803816	0.0906165	0.554046	
0.0439504	0.0313667	0.535719	
0.0501907	0.0352442	0.542133	
0.0562841	0.0405334	0.547611	
0.0620455	0.0470736	0.551987	
0.0672998	0.0546659	0.555128	
0.0718874	0.0630798	0.556938	
0.0756688	0.0720596	0.557363	
0.0785292	0.0813324	0.556389	
0.0803816	0.0906165	0.554046	
0.0661088	0.0301489	0.517802	
0.071334	0.0340822	0.525037	
0.0757699	0.0394625	0.531855	
0.0792817	0.0461263	0.53805	
0.0817627	0.0538711	0.543434	
0.0831375	0.0624615	0.547841	
0.0833643	0.0716367	0.55114	
0.0824363	0.0811177	0.553229	
0.0803816	0.0906165	0.554046	
0.0843363	0.0431599	0.50014	
0.0887264	0.0464972	0.508184	
0.0917988	0.0509042	0.516323	
0.0934601	0.056247	0.524311	
0.0936598	0.0623634	0.531905	
0.0923918	0.0690674	0.538874	
0.0896946	0.0761553	0.545006	
0.0856503	0.0834119	0.550115	
0.0803816	0.0906165	0.554046	
0.0937488	0.0669134	0.487464	
0.0977078	0.0691625	0.496089	
0.100076	0.0717927	0.505176	
0.100782	0.074724	0.514451	
0.0998034	0.0778674	0.523632	
0.0971706	0.0811274	0.532438	
0.0929636	0.0844048	0.540604	
0.08731	0.0876002	0.54788	
0.0803816	0.0906165	0.554046	
0.0918243	0.0950447	0.483172	
0.0958714	0.0960051	0.491993	
0.0983837	0.0965309	0.501402	
0.0992848	0.0966063	0.511113	
0.0985473	0.0962288	0.52083	
0.0961936	0.09541	0.530259	
0.0922952	0.0941747	0.539113	
0.0869706	0.0925606	0.547123	
0.0803816	0.0906165	0.554046	
-0.00746777	0.133327	0.532382	
-0.000244787	0.137265	0.53762	
0.00800222	0.140508	0.541692	
0.0170227	0.142958	0.544475	
0.0265425	0.144541	0.545884	
0.0362724	0.145208	0.545876	
0.0459167	0.144938	0.544451	
0.0551825	0.143742	0.541653	
0.0637882	0.141653	0.537567	
0.000309032	0.108434	0.543929	
0.00717576	0.113512	0.548638	
0.014841	0.118617	0.551847	
0.0230719	0.123595	0.553458	
0.0316184	0.128293	0.553421	
0.0402207	0.132569	0.551739	
0.0486176	0.136293	0.548462	
0.0565538	0.139352	0.54369	
0.0637882	0.141653	0.537567	
0.0183791	0.0864083	0.545289	
0.024418	0.0924955	0.549935	
0.0307316	0.0992484	0.553042	
0.037128	0.106462	0.554515	
0.0434128	0.113917	0.554308	
0.0493952	0.121386	0.552429	
0.0548933	0.128644	0.548934	
0.05974	0.135469	0.543929	
0.0637882	0.141653	0.537567	
0.0419007	0.0731524	0.536095	
0.046862	0.0798469	0.541163	
0.0514161	0.0875914	0.544958	
0.0554245	0.0961506	0.547364	
0.0587654	0.105264	0.548308	
0.0613374	0.114656	0.547761	
0.0630622	0.12404	0.545741	
0.0638875	0.133131	0.542308	
0.0637882	0.141653	0.537567	
0.064571	0.0722179	0.518813	
0.0684938	0.0789552	0.524673	
0.0713521	0.0867696	0.52976	
0.0730589	0.0954237	0.533921	
0.0735624	0.104655	0.537028	
0.0728474	0.114182	0.538987	
0.0709355	0.123715	0.539739	
0.0678849	0.132966	0.539261	
0.0637882	0.141653	0.537567	
0.0803158	0.0838552	0.498073	
0.0835173	0.0900594	0.504882	
0.0851978	0.0970033	0.511521	
0.0853061	0.104476	0.517787	
0.0838391	0.11225	0.52349	
0.0808412	0.12009	0.528457	
0.0764036	0.127757	0.532536	
0.0706611	0.135018	0.535604	
0.0637882	0.141653	0.537567	
0.084916	0.104946	0.479431	
0.0879068	0.110184	0.487095	
0.0892432	0.11555	0.495128	
0.0888845	0.120882	0.503287	
0.0868417	0.126016	0.511323	
0.0831768	0.130798	0.518992	
0.0780013	0.135082	0.526062	
0.0714723	0.138737	0.532317	
0.0637882	0.141653	0.537567	
0.0771392	0.129839	0.467884	
0.0804863	0.133937	0.476076	
0.0824044	0.137441	0.484974	
0.0828352	0.140245	0.494304	
0.0817658	0.142264	0.503786	
0.0792285	0.143437	0.513129	
0.0753004	0.143727	0.522051	
0.070101	0.143127	0.530281	
0.0637882	0.141653	0.537567	
-0.0301729	0.156765	0.506681	
-0.0242139	0.163426	0.510584	
-0.0170541	0.169355	0.513532	
-0.00891088	0.174374	0.515435	
-3.1766e-05	0.178328	0.516235	
0.00931347	0.181099	0.515908	
0.0188409	0.182601	0.514463	
0.028261	0.182789	0.511944	
0.0372876	0.181658	0.508429	
-0.017712	0.138099	0.524282	
-0.0123239	0.145615	0.527379	
-0.00609619	0.152941	0.529011	
0.000781934	0.159854	0.529127	
0.00810147	0.166145	0.527724	
0.01564	0.171622	0.524844	
0.0231685	0.176118	0.520576	
0.0304582	0.179498	0.515048	
0.0372876	0.181658	0.508429	
0.00461944	0.121739	0.531149	
0.00898453	0.130005	0.533932	
0.0135418	0.138555	0.53505	
0.0181527	0.147129	0.534468	
0.0226773	0.155467	0.532206	
0.026978	0.163316	0.528331	
0.0309241	0.170436	0.522961	
0.0343958	0.176613	0.516259	
0.0372876	0.181658	0.508429	
0.0308379	0.112069	0.525442	
0.0340019	0.120777	0.528486	
0.0365979	0.130051	0.530031	
0.0385471	0.139607	0.530029	
0.0397902	0.149155	0.528481	
0.0402894	0.158406	0.525433	
0.0400297	0.167078	0.520978	
0.0390188	0.174908	0.515253	
0.0372876	0.181658	0.508429	
0.0539181	0.111679	0.508689	
0.0560247	0.120406	0.512501	
0.0568943	0.129708	0.515299	
0.0565003	0.139303	0.516998	
0.0548547	0.148901	0.517546	
0.0520076	0.158208	0.516927	
0.0480454	0.166943	0.51516	
0.0430885	0.174839	0.512299	
0.0372876	0.181658	0.508429	
0.0676757	0.120675	0.48538	
0.0691521	0.128989	0.49026	
0.0689925	0.137618	0.494801	
0.0672018	0.146301	0.498866	
0.0638343	0.154772	0.502332	
0.0589925	0.162775	0.505093	
0.0528233	0.170067	0.507065	
0.0455143	0.176425	0.508189	
0.0372876	0.181658	0.508429	
0.0684243	0.136645	0.461761	
0.0698665	0.144228	0.467722	
0.0696509	0.151662	0.47403	
0.0677841	0.158723	0.480494	
0.064323	0.165196	0.486916	
0.0593726	0.170883	0.493101	
0.0530833	0.175613	0.498862	
0.0456463	0.179241	0.504024	
0.0372876	0.181658	0.508429	
0.0559635	0.155311	0.444159	
0.0579765	0.162038	0.450927	
0.058693	0.168077	0.458552	
0.0580913	0.173243	0.466802	
0.0561898	0.177379	0.475427	
0.0530461	0.18036	0.484165	
0.0487557	0.182096	0.492749	
0.0434492	0.182533	0.50092	
0.0372876	0.181658	0.508429	
-0.0562486	0.167076	0.476035	
-0.0520527	0.175669	0.477951	
-0.0464848	0.183591	0.47912	
-0.0397141	0.190599	0.479509	
-0.0319463	0.196483	0.479104	
-0.0234174	0.201062	0.477918	
-0.0143866	0.204197	0.475987	
-0.00512833	0.205794	0.47337	
0.00407617	0.205804	0.470146	
-0.040837	0.156876	0.497759	
-0.0373471	0.165937	0.49868	
-0.032932	0.174621	0.498224	
-0.0277259	0.182665	0.496407	
-0.021887	0.189825	0.493283	
-0.0155927	0.195883	0.488947	
-0.00903422	0.200655	0.483532	
-0.00241085	0.203996	0.4772	
0.00407617	0.205804	0.470146	
-0.015821	0.148219	0.508377	
-0.0134771	0.157675	0.508811	
-0.0109333	0.167007	0.507561	
-0.00826693	0.175931	0.504666	
-0.00555898	0.184174	0.500213	
-0.00289174	0.191487	0.494338	
-0.00034625	0.197648	0.487219	
0.00200015	0.202469	0.479073	
0.00407617	0.205804	0.470146	
0.0120964	0.143423	0.505043	
0.0131614	0.153099	0.50563	
0.0136169	0.16279	0.50463	
0.013449	0.1722	0.502073	
0.0126628	0.181044	0.498037	
0.0112823	0.189052	0.492646	
0.00934936	0.195983	0.486061	
0.00692274	0.201624	0.478485	
0.00407617	0.205804	0.470146	
0.0354348	0.143774	0.488651	
0.0354306	0.153434	0.489989	
0.0341402	0.163099	0.490215	
0.031603	0.172473	0.489322	
0.0278958	0.181273	0.487338	
0.0231315	0.189231	0.484323	
0.0174547	0.196104	0.480369	
0.0110379	0.201686	0.475595	
0.00407617	0.205804	0.470146	
0.0479405	0.149178	0.463593	
0.0473635	0.158591	0.466079	
0.0451376	0.167851	0.468179	
0.0413307	0.176676	0.469831	
0.0360584	0.1848	0.470983	
0.0294808	0.191974	0.471601	
0.0217979	0.197981	0.471666	
0.013243	0.202638	0.471176	
0.00407617	0.205804	0.470146	
0.0462629	0.158186	0.436584	
0.0457626	0.167187	0.440307	
0.0436623	0.175773	0.444428	
0.0400257	0.183684	0.448821	
0.0349634	0.19068	0.453354	
0.028629	0.196548	0.457888	
0.0212152	0.20111	0.462286	
0.0129472	0.204227	0.466414	
0.00407617	0.205804	0.470146	
0.0308512	0.168386	0.41486	
0.031057	0.176919	0.419578	
0.0301096	0.184742	0.425324	
0.0280376	0.191618	0.431923	
0.0249041	0.197338	0.439174	
0.0208044	0.201727	0.446858	
0.0158628	0.204652	0.454741	
0.0102297	0.206025	0.462583	
0.00407617	0.205804	0.470146	
0.0749599	0.0623604	0.52278	
0.0844023	0.0600677	0.523617	
0.0937471	0.0573994	0.522799	
0.102711	0.0544367	0.520351	
0.11102	0.0512694	0.516346	
0.118424	0.0479939	0.510908	
0.124696	0.0447097	0.5042	
0.129646	0.0415166	0.496428	
0.133124	0.0385116	0.487826	
0.0701491	0.034251	0.522317	
0.0798118	0.0332461	0.523175	
0.0895166	0.0326805	0.522392	
0.0989684	0.0325714	0.51999	
0.10788	0.0329223	0.516044	
0.115981	0.0337224	0.510673	
0.123025	0.0349475	0.50404	
0.128798	0.0365602	0.496346	
0.133124	0.0385116	0.487826	
0.0707139	0.00931935	0.508475	
0.0803508	0.00945651	0.509968	
0.0900133	0.0107559	0.51022	
0.0994078	0.013178	0.509223	
0.108249	0.0166493	0.50701	
0.116268	0.0210643	0.503645	
0.123221	0.0262888	0.499232	
0.128897	0.032164	0.493905	
0.133124	0.0385116	0.487826	
0.0765029	-0.00575421	0.484964	
0.0858746	-0.00492652	0.487534	
0.0951041	-0.00249957	0.489544	
0.103911	0.00145288	0.490935	
0.112027	0.00681074	0.491664	
0.119207	0.0134112	0.491708	
0.125232	0.0210538	0.491067	
0.129918	0.0295062	0.48976	
0.133124	0.0385116	0.487826	
0.0859651	-0.00693071	0.458083	
0.0949033	-0.00604911	0.461884	
0.103425	-0.00353416	0.465906	
0.111271	0.000537729	0.470025	
0.118203	0.00604284	0.474119	
0.124011	0.0128139	0.47806	
0.128518	0.0206452	0.481731	
0.131587	0.0292987	0.48502	
0.133124	0.0385116	0.487826	
0.096565	0.00610512	0.435035	
0.105018	0.00638952	0.439892	
0.112746	0.00792935	0.445638	
0.119516	0.0106778	0.452097	
0.125122	0.0145514	0.459075	
0.129393	0.0194324	0.466359	
0.132199	0.0251725	0.473727	
0.133456	0.0315973	0.480956	
0.133124	0.0385116	0.487826	
0.105462	0.0298603	0.421996	
0.113507	0.0290565	0.42745	
0.120571	0.0288193	0.434171	
0.126437	0.0291561	0.441955	
0.130929	0.0300565	0.450564	
0.13391	0.0314932	0.459739	
0.135289	0.0334226	0.469199	
0.135025	0.035786	0.478657	
0.133124	0.0385116	0.487826	
0.110273	0.0579697	0.422459	
0.118098	0.0558781	0.427892	
0.124801	0.0535383	0.434578	
0.130179	0.0510213	0.442315	
0.134069	0.0484036	0.450867	
0.136353	0.0457647	0.459974	
0.13696	0.0431849	0.469359	
0.135873	0.0407424	0.478739	
0.133124	0.0385116	0.487826	
0.0629686	0.10205	0.520261	
0.0726132	0.103029	0.521329	
0.0823432	0.103431	0.5208	
0.091863	0.103246	0.518689	
0.100883	0.102479	0.515061	
0.10913	0.101153	0.510026	
0.116353	0.0993087	0.503738	
0.122332	0.0970017	0.496386	
0.126885	0.0943022	0.488195	
0.0674161	0.0740322	0.523212	
0.0768569	0.076294	0.524144	
0.0862542	0.0787927	0.523394	
0.0953225	0.0814522	0.520984	
0.103786	0.0841917	0.516987	
0.111388	0.0869281	0.511524	
0.117897	0.0895781	0.504762	
0.123116	0.0920613	0.496906	
0.126885	0.0943022	0.488195	
0.0764037	0.0491836	0.512475	
0.0854328	0.0525838	0.5139	
0.0941579	0.0569412	0.513953	
0.102314	0.0621234	0.512633	
0.109652	0.0679729	0.509979	
0.115951	0.0743121	0.506073	
0.121019	0.0809483	0.501034	
0.124701	0.0876798	0.495013	
0.126885	0.0943022	0.488195	
0.0875234	0.0341626	0.49093	
0.0960431	0.0382509	0.493341	
0.103936	0.0437319	0.495006	
0.110963	0.0504391	0.495873	
0.11691	0.0581687	0.495916	
0.121597	0.0666858	0.495134	
0.12488	0.0757316	0.493551	
0.126661	0.0850312	0.491214	
0.126885	0.0943022	0.488195	
0.0977955	0.0329941	0.464348	
0.105845	0.0371359	0.467977	
0.112969	0.0427044	0.47163	
0.118954	0.0495302	0.475196	
0.123615	0.057406	0.478566	
0.126812	0.0660925	0.481638	
0.128448	0.0753257	0.484319	
0.128473	0.0848252	0.486527	
0.126885	0.0943022	0.488195	
0.104468	0.0459912	0.439852	
0.112211	0.0495376	0.444603	
0.118837	0.0541338	0.450089	
0.124144	0.0596401	0.456141	
0.12797	0.0658892	0.462577	
0.1302	0.0726913	0.469201	
0.130765	0.0798396	0.475812	
0.129649	0.0871169	0.482208	
0.126885	0.0943022	0.488195	
0.105752	0.0696713	0.424005	
0.113437	0.0721329	0.429483	
0.119967	0.0749578	0.436154	
0.125143	0.07806	0.443815	
0.128808	0.0813453	0.452235	
0.130852	0.084714	0.461156	
0.131211	0.0880636	0.470308	
0.129876	0.0912924	0.479414	
0.126885	0.0943022	0.488195	
0.101305	0.0976894	0.421055	
0.109193	0.0988674	0.426668	
0.116056	0.0995964	0.433559	
0.121683	0.0998542	0.44152	
0.125905	0.0996328	0.450309	
0.128594	0.0989391	0.459658	
0.129667	0.0977942	0.469284	
0.129091	0.0962327	0.478894	
0.126885	0.0943022	0.488195	
0.0390134	0.135204	0.513025	
0.0477956	0.139349	0.513927	
0.0568985	0.142795	0.513312	
0.0660452	0.145438	0.511199	
0.074958	0.147199	0.507652	
0.083366	0.148023	0.50278	
0.0910137	0.147885	0.496729	
0.0976688	0.14679	0.489684	
0.103129	0.144771	0.48186	
0.0520791	0.110644	0.519314	
0.0602628	0.115913	0.519928	
0.0683883	0.121196	0.518842	
0.0762086	0.126333	0.516091	
0.083486	0.131168	0.511757	
0.0899996	0.135553	0.505973	
0.0955514	0.139355	0.498913	
0.0999726	0.14246	0.490793	
0.103129	0.144771	0.48186	
0.0689074	0.0889403	0.511615	
0.0763202	0.0952039	0.512582	
0.0831868	0.102111	0.512072	
0.0892987	0.109451	0.510102	
0.09447	0.117002	0.506732	
0.0985436	0.124534	0.502064	
0.101396	0.131818	0.496239	
0.10294	0.138633	0.489436	
0.103129	0.144771	0.48186	
0.0849892	0.0759099	0.491992	
0.0916653	0.0827704	0.493857	
0.0973289	0.090652	0.494815	
0.101808	0.0993153	0.494838	
0.104967	0.108497	0.493924	
0.106709	0.117918	0.492101	
0.106981	0.127293	0.489424	
0.105776	0.136335	0.485976	
0.103129	0.144771	0.48186	
0.0960153	0.0750439	0.465702	
0.102186	0.081944	0.468771	
0.107025	0.0898905	0.471696	
0.110385	0.0986417	0.474388	
0.112163	0.107932	0.476764	
0.112307	0.117478	0.478753	
0.11081	0.126992	0.480294	
0.10772	0.136182	0.48134	
0.103129	0.144771	0.48186	
0.0990314	0.0865743	0.439789	
0.105064	0.0929462	0.444046	
0.109677	0.10003	0.448909	
0.112731	0.107611	0.454232	
0.114132	0.115458	0.459851	
0.113838	0.123333	0.465597	
0.111858	0.130996	0.471295	
0.108252	0.138216	0.476771	
0.103129	0.144771	0.48186	
0.0932292	0.107412	0.421198	
0.0995278	0.112829	0.426306	
0.104575	0.118354	0.43256	
0.108218	0.123819	0.43977	
0.110345	0.129058	0.447716	
0.110892	0.133912	0.456158	
0.109843	0.138233	0.464838	
0.107229	0.14189	0.473493	
0.103129	0.144771	0.48186	
0.0801635	0.131972	0.414909	
0.0870607	0.136265	0.420306	
0.0930853	0.139953	0.42703	
0.0980544	0.142924	0.434878	
0.101817	0.145089	0.443612	
0.104258	0.146382	0.452965	
0.105305	0.146763	0.462654	
0.104925	0.146221	0.472384	
0.103129	0.144771	0.48186	
0.00598338	0.157824	0.501944	
0.0129429	0.164647	0.502302	
0.0204818	0.170742	0.501238	
0.0283712	0.175923	0.498784	
0.0363712	0.180034	0.495013	
0.0442389	0.182949	0.490042	
0.0517351	0.18458	0.48402	
0.0586321	0.184878	0.477131	
0.0647203	0.183832	0.469584	
0.025988	0.139669	0.511094	
0.032031	0.147324	0.511033	
0.0380736	0.154777	0.509285	
0.043932	0.161802	0.505901	
0.0494283	0.168185	0.500986	
0.0543955	0.173732	0.494687	
0.0586826	0.178275	0.487198	
0.0621595	0.181676	0.478744	
0.0647203	0.183832	0.469584	
0.0491291	0.123794	0.505998	
0.054112	0.132176	0.506171	
0.0584235	0.140817	0.504804	
0.0619326	0.149453	0.501937	
0.0645326	0.157823	0.49766	
0.0661445	0.165672	0.4921	
0.0667194	0.172762	0.485428	
0.0662399	0.178877	0.477846	
0.0647203	0.183832	0.469584	
0.0692061	0.114452	0.488022	
0.0732692	0.123262	0.489018	
0.0760789	0.132601	0.488996	
0.0775497	0.142186	0.487954	
0.0776369	0.151725	0.485926	
0.0763379	0.160929	0.482973	
0.0736921	0.169518	0.479185	
0.06978	0.17723	0.474676	
0.0647203	0.183832	0.469584	
0.0808393	0.114147	0.461982	
0.0843695	0.122971	0.464172	
0.086309	0.132333	0.466097	
0.0865987	0.141949	0.467699	
0.0852299	0.151526	0.46893	
0.0822442	0.160774	0.469753	
0.0777323	0.169411	0.470141	
0.0718312	0.177176	0.470084	
0.0647203	0.183832	0.469584	
0.0809117	0.122959	0.434856	
0.0844386	0.13138	0.438288	
0.0863726	0.140083	0.442242	
0.086655	0.148804	0.446599	
0.0852772	0.157278	0.451225	
0.082281	0.165248	0.45598	
0.0777574	0.172472	0.46072	
0.071844	0.17873	0.465301	
0.0647203	0.183832	0.469584	
0.0694038	0.138529	0.413912	
0.0734579	0.146236	0.418304	
0.0762528	0.153774	0.423824	
0.0777035	0.160915	0.430307	
0.0777659	0.16744	0.437555	
0.0764382	0.173153	0.445347	
0.0737608	0.177879	0.453447	
0.0698148	0.181475	0.461608	
0.0647203	0.183832	0.469584	
0.0493992	0.156684	0.404762	
0.0543697	0.163559	0.409573	
0.058661	0.169739	0.415778	
0.0621426	0.175036	0.42319	
0.0647089	0.17929	0.431582	
0.0662816	0.18237	0.440701	
0.0668132	0.184184	0.450269	
0.0662875	0.184677	0.459995	
0.0647203	0.183832	0.469584	
-0.0321374	0.167181	0.488354	
-0.0277414	0.175872	0.487858	
-0.0225144	0.183902	0.486035	
-0.0166151	0.191025	0.482941	
-0.0102229	0.197025	0.478669	
-0.00353197	0.20172	0.473349	
0.00325441	0.204968	0.467143	
0.00993004	0.206669	0.460239	
0.0162921	0.206773	0.452848	
-0.00771023	0.157609	0.499543	
-0.00443327	0.166739	0.498534	
-0.00103349	0.175484	0.495874	
0.00238583	0.183579	0.491644	
0.00572077	0.190777	0.485971	
0.00887001	0.196861	0.479029	
0.0117379	0.201644	0.471029	
0.0142372	0.204982	0.462212	
0.0162921	0.206773	0.452848	
0.0194544	0.149542	0.496302	
0.0214869	0.159041	0.495442	
0.0228547	0.16839	0.493024	
0.0235161	0.177304	0.489123	
0.0234512	0.185512	0.483856	
0.0226618	0.192765	0.477384	
0.021172	0.198842	0.469903	
0.0190271	0.203559	0.461641	
0.0162921	0.206773	0.452848	
0.0420777	0.145141	0.4795	
0.0430738	0.154843	0.479409	
0.0427493	0.164521	0.478249	
0.041114	0.173881	0.476053	
0.0382175	0.18264	0.472889	
0.034148	0.190531	0.468853	
0.029029	0.197314	0.464068	
0.0230162	0.202783	0.458678	
0.0162921	0.206773	0.452848	
0.0540978	0.145587	0.453638	
0.0545433	0.155267	0.454733	
0.0533196	0.164912	0.455506	
0.050464	0.174228	0.455936	
0.0460631	0.182931	0.456009	
0.0402508	0.190757	0.455723	
0.0332036	0.197469	0.455086	
0.0251356	0.202862	0.454118	
0.0162921	0.206773	0.452848	
0.052294	0.150758	0.425647	
0.0528221	0.160202	0.428024	
0.0517334	0.16946	0.430892	
0.0490609	0.17825	0.434163	
0.0448858	0.186306	0.437739	
0.039335	0.193383	0.441511	
0.0325771	0.199265	0.445365	
0.0248176	0.203774	0.449182	
0.0162921	0.206773	0.452848	
0.0371496	0.159271	0.403027	
0.0383715	0.168325	0.40644	
0.0384156	0.176946	0.411	
0.0372806	0.184872	0.416568	
0.0350009	0.191862	0.422975	
0.0316459	0.197704	0.430027	
0.0273175	0.202221	0.437509	
0.0221472	0.205275	0.445194	
0.0162921	0.206773	0.452848	
0.0127224	0.168843	0.391838	
0.0150633	0.177458	0.395764	
0.0169347	0.185363	0.40116	
0.0182796	0.192318	0.407864	
0.0190572	0.19811	0.415672	
0.0192439	0.202564	0.424346	
0.0188341	0.205545	0.433623	
0.01784	0.206962	0.443221	
0.0162921	0.206773	0.452848	
0.107217	0.0654259	0.464015	
0.115865	0.0633011	0.460039	
0.123611	0.0607707	0.45468	
0.130219	0.0579115	0.448101	
0.135488	0.0548104	0.440503	
0.139259	0.0515617	0.432116	
0.141416	0.048264	0.423195	
0.141895	0.0450176	0.414011	
0.14068	0.041921	0.404843	
0.103456	0.0372385	0.466211	
0.112276	0.036405	0.462134	
0.120303	0.0359831	0.456611	
0.127293	0.0359856	0.449809	
0.133033	0.0364124	0.441936	
0.137349	0.0372506	0.433231	
0.14011	0.0384746	0.423957	
0.141231	0.0400474	0.414398	
0.14068	0.041921	0.404843	
0.0975984	0.0120837	0.454111	
0.106687	0.0124026	0.450588	
0.115152	0.0138624	0.44597	
0.122737	0.0164187	0.440397	
0.12921	0.0199938	0.434038	
0.134375	0.0244792	0.427087	
0.138075	0.0297385	0.419755	
0.140198	0.0356119	0.412264	
0.14068	0.041921	0.404843	
0.0912136	-0.00329831	0.430957	
0.100595	-0.00227475	0.428494	
0.109537	0.000335651	0.425608	
0.11777	0.00445358	0.422386	
0.125042	0.00995391	0.418925	
0.131133	0.0166695	0.415331	
0.135858	0.0243963	0.411714	
0.139073	0.0328996	0.408181	
0.14068	0.041921	0.404843	
0.0860125	-0.00478595	0.402952	
0.0956319	-0.00369424	0.401773	
0.104964	-0.000972556	0.400982	
0.113724	0.0032964	0.400603	
0.121647	0.00898292	0.400647	
0.128493	0.0159142	0.401113	
0.134052	0.0238797	0.401988	
0.138156	0.0326373	0.403244	
0.14068	0.041921	0.404843	
0.0833887	0.0080194	0.377602	
0.0931284	0.00852449	0.377584	
0.102656	0.0102883	0.378689	
0.111683	0.0132572	0.380884	
0.119935	0.017341	0.384101	
0.12716	0.0224157	0.388243	
0.13314	0.0283269	0.393184	
0.137693	0.0348953	0.398774	
0.14068	0.041921	0.404843	
0.0840454	0.0316866	0.361698	
0.0937549	0.0311074	0.362409	
0.103234	0.0311008	0.364704	
0.112194	0.031667	0.368513	
0.120364	0.0327887	0.37372	
0.127494	0.0344318	0.380168	
0.133368	0.0365465	0.38766	
0.137809	0.0390684	0.395969	
0.14068	0.041921	0.404843	
0.0878065	0.059874	0.359502	
0.0973437	0.0580035	0.360314	
0.106541	0.0558884	0.362773	
0.11512	0.0535929	0.366805	
0.122818	0.0511867	0.372287	
0.129403	0.0487429	0.379053	
0.134675	0.0463358	0.386898	
0.138472	0.0440386	0.395582	
0.14068	0.041921	0.404843	
0.0946748	0.104867	0.467551	
0.103539	0.10602	0.463651	
0.111693	0.106571	0.458328	
0.118888	0.106503	0.451745	
0.124906	0.10582	0.444101	
0.129565	0.10454	0.435629	
0.132722	0.102705	0.426586	
0.134282	0.100368	0.417247	
0.134197	0.0976014	0.407895	
0.100635	0.0769797	0.468078	
0.109226	0.0794099	0.464154	
0.116934	0.082047	0.458792	
0.123524	0.0848108	0.452155	
0.128796	0.0876175	0.444445	
0.132591	0.0903817	0.435897	
0.134792	0.0930195	0.426769	
0.135333	0.0954507	0.41734	
0.134197	0.0976014	0.407895	
0.103621	0.052098	0.454459	
0.112075	0.055668	0.451158	
0.11956	0.0601663	0.446815	
0.125847	0.0654562	0.441561	
0.130745	0.0713771	0.435556	
0.134107	0.0777489	0.428982	
0.135829	0.0843782	0.422039	
0.135859	0.0910633	0.414938	
0.134197	0.0976014	0.407895	
0.102833	0.0368888	0.430343	
0.111324	0.0411555	0.428148	
0.118867	0.0467915	0.425608	
0.125234	0.0536256	0.422803	
0.130231	0.06145	0.419816	
0.133707	0.070027	0.416738	
0.135555	0.079096	0.413664	
0.13572	0.0883815	0.410686	
0.134197	0.0976014	0.407895	
0.0984824	0.0354274	0.402193	
0.107172	0.0397611	0.401287	
0.115041	0.0455064	0.400854	
0.12185	0.0524888	0.400906	
0.127392	0.0604961	0.401442	
0.131498	0.069285	0.402446	
0.134044	0.0785885	0.403887	
0.134953	0.0881239	0.405722	
0.134197	0.0976014	0.407895	
0.0917347	0.0481054	0.377551	
0.100734	0.0518583	0.377774	
0.109107	0.0566553	0.379184	
0.116601	0.0623506	0.381738	
0.122987	0.0687711	0.385358	
0.128072	0.0757218	0.389935	
0.131701	0.0829915	0.395329	
0.133763	0.0903593	0.401377	
0.134197	0.0976014	0.407895	
0.0843979	0.0715258	0.36302	
0.093733	0.0742058	0.363908	
0.102655	0.0772508	0.366405	
0.110894	0.0805684	0.370434	
0.118199	0.0840577	0.375873	
0.124347	0.0876127	0.382557	
0.129153	0.0911254	0.390283	
0.13247	0.094489	0.398815	
0.134197	0.0976014	0.407895	
0.078438	0.099413	0.362493	
0.0880461	0.100815	0.363406	
0.0974144	0.101774	0.365942	
0.106258	0.102261	0.370025	
0.114309	0.10226	0.37553	
0.121321	0.101771	0.38229	
0.127083	0.10081	0.3901	
0.131419	0.0994063	0.398722	
0.134197	0.0976014	0.407895	
0.0695625	0.137499	0.473023	
0.0775252	0.1418	0.469388	
0.085024	0.145382	0.464283	
0.0918311	0.148136	0.457865	
0.0977396	0.149979	0.450328	
0.10257	0.150855	0.441901	
0.106175	0.150736	0.43284	
0.108446	0.149628	0.42342	
0.109314	0.147562	0.413928	
0.0845755	0.113265	0.472112	
0.0918505	0.118676	0.468518	
0.0982263	0.124071	0.463482	
0.103509	0.129285	0.457157	
0.107539	0.134161	0.449733	
0.110192	0.138551	0.441438	
0.111389	0.14232	0.432523	
0.111094	0.145355	0.42326	
0.109314	0.147562	0.413928	
0.0957979	0.0917074	0.457185	
0.102559	0.0981059	0.454275	
0.108095	0.105113	0.450356	
0.112239	0.112516	0.445546	
0.114864	0.120091	0.439991	
0.11589	0.127606	0.43386	
0.115287	0.134833	0.427339	
0.113073	0.141553	0.420628	
0.109314	0.147562	0.413928	
0.100223	0.0786017	0.432242	
0.106781	0.0856006	0.430475	
0.111986	0.0935883	0.428421	
0.11568	0.102322	0.426143	
0.117752	0.111536	0.42371	
0.118137	0.120952	0.421196	
0.116824	0.130281	0.418677	
0.113853	0.139243	0.416229	
0.109314	0.147562	0.413928	
0.0966641	0.07746	0.403966	
0.103385	0.0845112	0.403494	
0.108857	0.0925842	0.403556	
0.112912	0.101434	0.404148	
0.115429	0.110791	0.405254	
0.11633	0.120372	0.40684	
0.115588	0.129885	0.408857	
0.113225	0.139041	0.411244	
0.109314	0.147562	0.413928	
0.0860757	0.0885881	0.379934	
0.093282	0.0951295	0.380563	
0.0995455	0.10237	0.382422	
0.104676	0.11009	0.385455	
0.108518	0.118055	0.389568	
0.110954	0.126022	0.394638	
0.11191	0.13375	0.40051	
0.111358	0.141003	0.407006	
0.109314	0.147562	0.413928	
0.0712948	0.109004	0.366585	
0.0791781	0.11461	0.367825	
0.0865474	0.120324	0.370683	
0.0931786	0.125971	0.375071	
0.0988702	0.13138	0.380855	
0.103449	0.136387	0.387861	
0.106777	0.14084	0.395874	
0.108752	0.144603	0.404652	
0.109314	0.147562	0.413928	
0.0562817	0.133238	0.367495	
0.0648528	0.137734	0.368695	
0.0733451	0.141635	0.371484	
0.0815005	0.144821	0.375779	
0.0890711	0.147198	0.38145	
0.0958271	0.148691	0.388323	
0.101563	0.149256	0.396191	
0.106105	0.148876	0.404813	
0.109314	0.147562	0.413928	
0.0349092	0.159386	0.47977	
0.0409613	0.166326	0.476557	
0.0468213	0.172523	0.471826	
0.0523112	0.177788	0.465723	
0.0572642	0.181962	0.458432	
0.0615298	0.184918	0.450174	
0.0649783	0.186566	0.441202	
0.0675051	0.186855	0.431786	
0.0690333	0.185778	0.422215	
0.0572157	0.141719	0.477827	
0.0622459	0.149468	0.474702	
0.0664373	0.156986	0.470117	
0.0696625	0.164045	0.464211	
0.0718237	0.17043	0.457163	
0.072855	0.175948	0.449188	
0.0727253	0.18043	0.440527	
0.0714383	0.18374	0.431444	
0.0690333	0.185778	0.422215	
0.0750734	0.126134	0.461961	
0.0792855	0.134598	0.459563	
0.0821411	0.143282	0.456165	
0.0835534	0.151923	0.45187	
0.0834795	0.160259	0.446807	
0.0819216	0.168036	0.441132	
0.0789272	0.175018	0.435016	
0.0745871	0.180992	0.428646	
0.0690333	0.185778	0.422215	
0.0836974	0.116809	0.436423	
0.0875144	0.1257	0.435195	
0.0897249	0.135081	0.433708	
0.0902617	0.144669	0.432005	
0.0891084	0.154172	0.430139	
0.0863002	0.163301	0.428166	
0.0819223	0.171779	0.426147	
0.0761077	0.179348	0.424143	
0.0690333	0.185778	0.422215	
0.0807769	0.116242	0.408057	
0.0847277	0.125158	0.408129	
0.0871567	0.134583	0.408763	
0.0879899	0.144228	0.40994	
0.0872022	0.153802	0.411624	
0.0848174	0.163013	0.413765	
0.080908	0.171582	0.416296	
0.0755928	0.179248	0.419141	
0.0690333	0.185778	0.422215	
0.0670945	0.124585	0.384463	
0.0716721	0.133119	0.385615	
0.0751245	0.141919	0.388014	
0.0773469	0.150717	0.391587	
0.0782716	0.159247	0.396224	
0.0778706	0.167249	0.401785	
0.0761561	0.174479	0.408102	
0.0731802	0.180719	0.414981	
0.0690333	0.185778	0.422215	
0.0463163	0.139601	0.371962	
0.0518458	0.147448	0.373688	
0.0568525	0.155124	0.377022	
0.0611843	0.162398	0.381863	
0.0647096	0.169049	0.388065	
0.0673213	0.174873	0.395439	
0.0689399	0.179695	0.40376	
0.0695164	0.183367	0.412777	
0.0690333	0.185778	0.422215	
0.0240098	0.157269	0.373906	
0.0305612	0.164306	0.375542	
0.0372365	0.170661	0.378731	
0.043833	0.176141	0.383375	
0.0501501	0.18058	0.389334	
0.055996	0.183843	0.396425	
0.061193	0.18583	0.404435	
0.0655832	0.186482	0.41312	
0.0690333	0.185778	0.422215	
-0.0051052	0.167888	0.486979	
-0.00174247	0.17664	0.484293	
0.00169242	0.18472	0.480047	
0.00509509	0.191883	0.47437	
0.00836216	0.197912	0.467435	
0.0113944	0.202622	0.459452	
0.0140996	0.205871	0.450663	
0.0163956	0.207561	0.441336	
0.0182126	0.207639	0.431754	
0.0218552	0.158908	0.484533	
0.0239828	0.168071	0.481959	
0.025401	0.176823	0.477896	
0.0260665	0.184898	0.472468	
0.0259593	0.19205	0.465838	
0.0250825	0.198062	0.45821	
0.0234628	0.202752	0.449813	
0.0211494	0.205977	0.440905	
0.0182126	0.207639	0.431754	
0.0439469	0.151227	0.46821	
0.0450625	0.160742	0.466384	
0.0448281	0.170068	0.463542	
0.0432508	0.178923	0.45977	
0.0403786	0.187036	0.455184	
0.0362988	0.194163	0.449922	
0.0311352	0.200085	0.444144	
0.0250448	0.204623	0.438027	
0.0182126	0.207639	0.431754	
0.0552505	0.146903	0.442383	
0.0558482	0.156616	0.44174	
0.0547683	0.166266	0.44083	
0.0520435	0.17556	0.439681	
0.0477565	0.184215	0.438327	
0.0420377	0.191968	0.436809	
0.0350609	0.198583	0.435175	
0.0270379	0.203861	0.433473	
0.0182126	0.207639	0.431754	
0.0527372	0.147096	0.413973	
0.0534501	0.1568	0.414631	
0.0525581	0.166436	0.415846	
0.0500885	0.17571	0.417581	
0.0461161	0.18434	0.419783	
0.0407617	0.192065	0.422385	
0.034188	0.19865	0.425308	
0.0265947	0.203895	0.428463	
0.0182126	0.207639	0.431754	
0.0370804	0.151753	0.390592	
0.0385105	0.161244	0.392321	
0.0387898	0.170531	0.395285	
0.0379096	0.179332	0.399394	
0.0358968	0.18738	0.404522	
0.0328125	0.19443	0.410514	
0.0287505	0.200268	0.417188	
0.023834	0.204716	0.42434	
0.0182126	0.207639	0.431754	
0.0124753	0.159627	0.378505	
0.0150327	0.168757	0.380788	
0.0171525	0.177455	0.384657	
0.0187703	0.185457	0.389992	
0.019837	0.192519	0.396633	
0.0203202	0.198428	0.404378	
0.0202052	0.203002	0.41299	
0.0194955	0.206104	0.422209	
0.0182126	0.207639	0.431754	
-0.014485	0.168608	0.380951	
-0.0106926	0.177326	0.383122	
-0.00655608	0.185353	0.386807	
-0.00220113	0.192443	0.391895	
0.00223991	0.198381	0.39823	
0.0066321	0.202987	0.405619	
0.010842	0.206121	0.41384	
0.0147417	0.207688	0.42264	
0.0182126	0.207639	0.431754	
0.105742	0.0679969	0.396975	
0.111294	0.0659439	0.389224	
0.115384	0.063447	0.38073	
0.117887	0.0605818	0.37175	
0.118727	0.0574356	0.362557	
0.117878	0.0541038	0.35343	
0.115367	0.0506878	0.344647	
0.111269	0.0472912	0.336475	
0.105709	0.0440174	0.329162	
0.10422	0.0397945	0.40095	
0.109842	0.0390335	0.393018	
0.114046	0.0386462	0.384226	
0.116703	0.0386443	0.374842	
0.117733	0.0390278	0.365152	
0.117105	0.0397851	0.355449	
0.114838	0.0408932	0.346028	
0.111	0.0423184	0.337176	
0.105709	0.0440174	0.329162	
0.0936737	0.0143428	0.393568	
0.0997791	0.0147478	0.385974	
0.104772	0.0162643	0.377734	
0.1085	0.0188463	0.3691	
0.11085	0.0224153	0.360333	
0.111751	0.0268629	0.351701	
0.111175	0.0320539	0.343464	
0.109141	0.0378306	0.335875	
0.105709	0.0440174	0.329162	
0.0769302	-0.00153851	0.376807	
0.0838026	-0.000405947	0.369981	
0.0900476	0.00229858	0.362995	
0.0954755	0.0064929	0.356062	
0.0999213	0.0120496	0.349393	
0.10325	0.0187998	0.343191	
0.10536	0.0265384	0.337643	
0.106188	0.0350303	0.332919	
0.105709	0.0440174	0.329162	
0.0584753	-0.00359395	0.355158	
0.0661932	-0.00236723	0.349323	
0.0738187	0.000491051	0.343957	
0.0811202	0.00489405	0.339222	
0.0878757	0.010708	0.335263	
0.0938802	0.0177562	0.332199	
0.098951	0.0258245	0.330125	
0.102934	0.0346678	0.329102	
0.105709	0.0440174	0.329162	
0.0432541	0.00872717	0.334422	
0.0516693	0.00938945	0.329537	
0.0604334	0.0113261	0.325722	
0.0692802	0.0144782	0.323092	
0.0779408	0.01875	0.321728	
0.0861521	0.0240118	0.321671	
0.0936647	0.0301036	0.322923	
0.10025	0.0368404	0.325445	
0.105709	0.0440174	0.329162	
0.0353451	0.0321234	0.320154	
0.0441225	0.0317139	0.315923	
0.0534783	0.0319004	0.313175	
0.063128	0.0326773	0.311994	
0.0727785	0.0340209	0.312416	
0.0821366	0.0358904	0.314427	
0.0909179	0.038229	0.317968	
0.0988556	0.0409658	0.32293	
0.105709	0.0440174	0.329162	
0.0368674	0.0603258	0.316179	
0.0455752	0.0586243	0.31213	
0.054817	0.0567012	0.309679	
0.0643122	0.0546148	0.308902	
0.0737722	0.0524287	0.309821	
0.0829095	0.0502091	0.312409	
0.0914466	0.0480236	0.316587	
0.0991241	0.0459386	0.322229	
0.105709	0.0440174	0.329162	
0.0957509	0.107285	0.406032	
0.101455	0.108513	0.398217	
0.105846	0.109104	0.389529	
0.108792	0.10904	0.380233	
0.110203	0.108321	0.370609	
0.110036	0.106972	0.360952	
0.108297	0.105031	0.351554	
0.105037	0.102559	0.342701	
0.100356	0.09963	0.334661	
0.101808	0.0795112	0.403703	
0.107234	0.0820118	0.395995	
0.111172	0.0846802	0.387481	
0.113504	0.0874353	0.378421	
0.114157	0.0901933	0.369089	
0.113112	0.0928704	0.359769	
0.1104	0.0953853	0.350745	
0.106105	0.0976615	0.34229	
0.100356	0.09963	0.334661	
0.0981569	0.0544493	0.390585	
0.10375	0.0580981	0.383478	
0.107962	0.0626412	0.375946	
0.110664	0.0679406	0.368217	
0.111774	0.0738353	0.360527	
0.111258	0.0801461	0.353109	
0.109132	0.0866814	0.346189	
0.105461	0.0932424	0.339977	
0.100356	0.09963	0.334661	
0.0857771	0.0388148	0.370194	
0.0919378	0.0431798	0.364021	
0.0970755	0.0488925	0.358014	
0.101034	0.0557791	0.352355	
0.103693	0.0636306	0.347218	
0.104973	0.0722083	0.342756	
0.104833	0.0812515	0.339107	
0.103278	0.0904856	0.336381	
0.100356	0.09963	0.334661	
0.0679853	0.0367968	0.347993	
0.074961	0.0412543	0.342837	
0.0814296	0.0471179	0.338491	
0.0871945	0.0542094	0.335086	
0.0920807	0.0623135	0.332727	
0.0959395	0.0711837	0.331485	
0.0986538	0.0805507	0.331397	
0.100141	0.0901298	0.332467	
0.100356	0.09963	0.334661	
0.0495488	0.0489361	0.329932	
0.0573691	0.0528375	0.325603	
0.0652168	0.057793	0.322608	
0.0728535	0.0636522	0.321037	
0.0800471	0.0702368	0.320938	
0.0865791	0.077347	0.322314	
0.0922509	0.0847667	0.325124	
0.0968903	0.0922703	0.329282	
0.100356	0.09963	0.334661	
0.0354077	0.07198	0.320848	
0.0438758	0.0748257	0.316936	
0.0527813	0.0780575	0.31462	
0.0618537	0.0815771	0.313971	
0.0708171	0.0852777	0.315009	
0.0793994	0.0890467	0.317703	
0.0873397	0.0927697	0.32197	
0.0943968	0.0963336	0.32768	
0.100356	0.09963	0.334661	
0.029351	0.0997539	0.323178	
0.0380966	0.101327	0.319158	
0.0474552	0.102481	0.316668	
0.0571424	0.103181	0.315783	
0.0668639	0.103406	0.31653	
0.0763244	0.103148	0.318885	
0.0852363	0.102415	0.322779	
0.0933289	0.101231	0.328091	
0.100356	0.09963	0.334661	
0.075994	0.139596	0.423093	
0.0809779	0.143962	0.415937	
0.0848427	0.147576	0.407744	
0.0874709	0.150328	0.398765	
0.0887828	0.152136	0.389271	
0.0887385	0.152944	0.379552	
0.0873393	0.152728	0.369903	
0.0846277	0.151493	0.360616	
0.0806861	0.149279	0.351975	
0.089091	0.115596	0.414971	
0.0934749	0.121061	0.408186	
0.09636	0.126471	0.400601	
0.0976586	0.13166	0.392446	
0.0973313	0.136472	0.38397	
0.0953881	0.140759	0.375428	
0.0918879	0.144393	0.367082	
0.0869371	0.147262	0.359184	
0.0806861	0.149279	0.351975	
0.0918455	0.0939681	0.396582	
0.0961032	0.100424	0.39064	
0.0987822	0.107451	0.384431	
0.0998012	0.114836	0.378143	
0.0991292	0.122355	0.371967	
0.0967865	0.129778	0.366092	
0.0928445	0.136881	0.360696	
0.0874227	0.143448	0.355942	
0.0806861	0.149279	0.351975	
0.0835193	0.0805066	0.372856	
0.0881584	0.0875791	0.368	
0.0914603	0.0956133	0.363566	
0.0933246	0.104365	0.359687	
0.0936947	0.113568	0.356481	
0.0925592	0.122944	0.354046	
0.0899528	0.132206	0.352455	
0.0859546	0.141074	0.351758	
0.0806861	0.149279	0.351975	
0.0663434	0.0788188	0.350148	
0.0717694	0.0859687	0.346333	
0.0763561	0.0941291	0.343597	
0.0799642	0.103052	0.342023	
0.0824839	0.112467	0.341659	
0.0838388	0.122087	0.342517	
0.0839877	0.13162	0.344569	
0.082926	0.140777	0.347754	
0.0806861	0.149279	0.351975	
0.0449202	0.089357	0.334544	
0.0513276	0.0960241	0.331444	
0.0575168	0.103396	0.329875	
0.0632998	0.111249	0.329885	
0.0685009	0.119345	0.331475	
0.072962	0.127437	0.334594	
0.0765475	0.13528	0.33915	
0.0791486	0.142635	0.345003	
0.0806861	0.149279	0.351975	
0.0249899	0.109298	0.330225	
0.0323103	0.115051	0.327322	
0.0399904	0.120932	0.326077	
0.0477968	0.12676	0.326526	
0.0554923	0.13236	0.328655	
0.0628431	0.137561	0.332401	
0.0696258	0.142205	0.33765	
0.0756343	0.146151	0.344241	
0.0806861	0.149279	0.351975	
0.0118928	0.133297	0.338347	
0.0198133	0.137951	0.335073	
0.0284731	0.142037	0.33322	
0.0376091	0.145429	0.332844	
0.0469438	0.148025	0.333957	
0.0561935	0.149746	0.336525	
0.0650772	0.15054	0.340471	
0.0733249	0.150383	0.345673	
0.0806861	0.149279	0.351975	
0.0488541	0.161033	0.4461	
0.0523339	0.168013	0.440245	
0.0549068	0.174221	0.433177	
0.0564945	0.179468	0.425111	
0.0570489	0.183595	0.416292	
0.0565531	0.186477	0.406988	
0.055022	0.188025	0.397481	
0.0525024	0.188193	0.388061	
0.0490707	0.186975	0.379014	
0.0676037	0.143698	0.433394	
0.0702246	0.151472	0.428121	
0.0713949	0.158977	0.422004	
0.0710791	0.165984	0.415228	
0.0692868	0.172281	0.407999	
0.0660725	0.177675	0.400537	
0.0615337	0.182004	0.393069	
0.0558085	0.185136	0.385821	
0.0490707	0.186975	0.379014	
0.0755006	0.128133	0.410836	
0.0777598	0.13662	0.406597	
0.0783394	0.145289	0.402167	
0.0772219	0.153877	0.397681	
0.0744412	0.162121	0.393275	
0.0700819	0.169773	0.389084	
0.0642763	0.176599	0.385234	
0.0572009	0.182391	0.381843	
0.0490707	0.186975	0.379014	
0.070429	0.118508	0.38447	
0.0729205	0.127437	0.381439	
0.0738795	0.136826	0.378981	
0.0732769	0.14639	0.377172	
0.071131	0.15584	0.376066	
0.0675069	0.164887	0.375698	
0.0625149	0.173256	0.376078	
0.0563066	0.180694	0.377194	
0.0490707	0.186975	0.379014	
0.0537477	0.117404	0.361362	
0.0570034	0.126383	0.359389	
0.0592102	0.135854	0.35866	
0.0603011	0.145531	0.359196	
0.060243	0.155119	0.360983	
0.0590376	0.164326	0.363965	
0.0567216	0.172873	0.368052	
0.0533653	0.1805	0.37312	
0.0490707	0.186975	0.379014	
0.0299265	0.125114	0.347702	
0.0342734	0.13374	0.346355	
0.0382621	0.142635	0.346647	
0.0417715	0.151529	0.348571	
0.0446948	0.160151	0.352067	
0.0469433	0.168241	0.35703	
0.0484486	0.17555	0.363308	
0.049165	0.181859	0.370711	
0.0490707	0.186975	0.379014	
0.00534817	0.139575	0.347151	
0.0108211	0.147538	0.345829	
0.0166484	0.155351	0.346163	
0.022653	0.162777	0.348143	
0.0286525	0.16959	0.351708	
0.0344645	0.175582	0.35675	
0.0399126	0.180573	0.363117	
0.0448311	0.184409	0.370614	
0.0490707	0.186975	0.379014	
-0.0134014	0.15691	0.359857	
-0.0070696	0.164079	0.357953	
0.000160228	0.170596	0.357337	
0.00806836	0.176262	0.358026	
0.0164145	0.180904	0.360001	
0.0249451	0.184384	0.363201	
0.0334009	0.186593	0.36753	
0.0415251	0.187466	0.372854	
0.0490707	0.186975	0.379014	
0.0176047	0.169009	0.472278	
0.0189777	0.177767	0.468211	
0.0196494	0.185827	0.462761	
0.0195993	0.192945	0.456094	
0.0188291	0.198905	0.448413	
0.0173621	0.203525	0.43995	
0.0152429	0.206665	0.430963	
0.0125358	0.20823	0.421725	
0.00932322	0.208172	0.412517	
0.0399372	0.160425	0.456751	
0.0402871	0.169576	0.453396	
0.0392883	0.178278	0.449107	
0.036971	0.186268	0.444017	
0.0334057	0.193302	0.438279	
0.0287007	0.199166	0.432067	
0.0229989	0.203684	0.425571	
0.0164737	0.206716	0.418987	
0.00932322	0.208172	0.412517	
0.0510938	0.152822	0.431627	
0.0509327	0.162321	0.429423	
0.0490992	0.171592	0.427014	
0.0456493	0.180353	0.424474	
0.0406876	0.188339	0.42188	
0.034365	0.195306	0.419311	
0.0268736	0.201043	0.416845	
0.0184409	0.205376	0.414557	
0.00932322	0.208172	0.412517	
0.0480851	0.148236	0.403638	
0.0480618	0.157945	0.402715	
0.0464534	0.167559	0.4024	
0.0433089	0.176786	0.402702	
0.0387238	0.185346	0.403611	
0.0328375	0.192978	0.405101	
0.0258287	0.199451	0.407125	
0.0179104	0.204567	0.409622	
0.00932322	0.208172	0.412517	
0.0317173	0.147897	0.380282	
0.0324438	0.157622	0.38043	
0.0320598	0.167261	0.381862	
0.030577	0.176523	0.384535	
0.0280405	0.185125	0.388367	
0.0245273	0.192806	0.393243	
0.0201442	0.199333	0.399013	
0.0150243	0.204507	0.405504	
0.00932322	0.208172	0.412517	
0.00637607	0.151896	0.367819	
0.00826346	0.161437	0.368538	
0.0097751	0.170777	0.370902	
0.010865	0.179633	0.37484	
0.0115002	0.187734	0.380232	
0.0116612	0.194836	0.386915	
0.0113432	0.200721	0.394685	
0.0105559	0.205212	0.403306	
0.00932322	0.208172	0.412517	
-0.0211484	0.15916	0.369588	
-0.0180001	0.168369	0.370225	
-0.0144295	0.177166	0.372457	
-0.0105452	0.185283	0.376216	
-0.00646514	0.192476	0.381387	
-0.00231333	0.198524	0.387813	
0.0017841	0.203244	0.395299	
0.00570263	0.206493	0.403618	
0.00932322	0.208172	0.412517	
-0.0434809	0.167744	0.385114	
-0.0393095	0.176559	0.38504	
-0.0340684	0.184714	0.386111	
-0.0279168	0.191961	0.388293	
-0.0210417	0.198079	0.391521	
-0.0136519	0.202882	0.395696	
-0.00597191	0.206225	0.400691	
0.0017648	0.208007	0.406356	
0.00932322	0.208172	0.412517	
0.0709292	0.0693845	0.339622	
0.0719146	0.067288	0.330148	
0.0712717	0.0647111	0.320764	
0.06902	0.0617321	0.311755	
0.0652281	0.0584414	0.303394	
0.0600111	0.0549391	0.295935	
0.0535275	0.0513315	0.289605	
0.0459743	0.0477284	0.284597	
0.0375811	0.0442391	0.281062	
0.0722348	0.0412341	0.34402	
0.0731603	0.0404272	0.334345	
0.0724197	0.0399561	0.324632	
0.0700356	0.0398349	0.315176	
0.0660802	0.0400675	0.306265	
0.0606739	0.0406467	0.298168	
0.0539809	0.041555	0.291133	
0.0462045	0.0427647	0.285373	
0.0375811	0.0442391	0.281062	
0.0599915	0.0154912	0.34307	
0.0614779	0.0158637	0.333439	
0.0616532	0.0173182	0.323796	
0.060512	0.0198106	0.314437	
0.058089	0.0232651	0.305644	
0.0544578	0.0275767	0.297686	
0.0497289	0.0326146	0.290803	
0.0440457	0.0382255	0.285205	
0.0375811	0.0442391	0.281062	
0.03748	-0.000946331	0.337026	
0.0399976	0.000179149	0.327671	
0.0418569	0.00286325	0.318481	
0.0430011	0.00702442	0.309735	
0.0433956	0.0125362	0.301699	
0.0430284	0.0192312	0.294617	
0.0419107	0.0269059	0.288704	
0.0400763	0.0353271	0.284139	
0.0375811	0.0442391	0.281062	
0.0107321	-0.00367411	0.327507	
0.0144752	-0.00242366	0.318588	
0.0183352	0.000464486	0.31011	
0.022195	0.00490259	0.302331	
0.0259372	0.0107558	0.295486	
0.0294482	0.0178463	0.289784	
0.0326213	0.0259585	0.285398	
0.03536	0.0348462	0.282461	
0.0375811	0.0442391	0.281062	
-0.0130849	0.00803878	0.317064	
-0.00825081	0.00875264	0.308624	
-0.00260915	0.0107646	0.300927	
0.00366862	0.0140136	0.294208	
0.0103918	0.0184008	0.28867	
0.017356	0.0237931	0.284482	
0.0243497	0.0300264	0.281771	
0.0311604	0.0369115	0.280619	
0.0375811	0.0442391	0.281062	
-0.0275895	0.0310539	0.308495	
-0.0220909	0.0307134	0.300448	
-0.0153642	0.0310038	0.293392	
-0.00761391	0.0319162	0.287543	
0.000924593	0.0334229	0.283077	
0.00999184	0.0354781	0.280132	
0.0193123	0.0380194	0.278795	
0.0286028	0.0409696	0.279109	
0.0375811	0.0442391	0.281062	
-0.028895	0.0592043	0.304097	
-0.0233366	0.0575742	0.296251	
-0.0165123	0.0557588	0.289524	
-0.00862943	0.0538133	0.284121	
7.24692e-05	0.0517968	0.280206	
0.009329	0.0497705	0.277898	
0.0188589	0.047796	0.277268	
0.0283726	0.0459333	0.278333	
0.0375811	0.0442391	0.281062	
0.0659087	0.108656	0.352189	
0.0669185	0.109842	0.342561	
0.0663703	0.110353	0.332837	
0.064281	0.110176	0.323313	
0.060714	0.109314	0.314277	
0.0557775	0.107795	0.306004	
0.0496218	0.105664	0.298745	
0.0424337	0.102987	0.292722	
0.0344317	0.0998445	0.288117	
0.0706205	0.0809481	0.347336	
0.0714144	0.0834027	0.337931	
0.0705138	0.085987	0.32857	
0.0679461	0.0886224	0.319538	
0.0637894	0.0912288	0.311109	
0.0581698	0.0937272	0.30354	
0.0512582	0.0960415	0.29706	
0.0432645	0.0981015	0.291867	
0.0344317	0.0998445	0.288117	
0.0614762	0.0556075	0.33797	
0.062689	0.059223	0.328994	
0.0624724	0.0637028	0.320334	
0.0608331	0.0689108	0.312252	
0.0578208	0.0746889	0.304996	
0.0535271	0.0808614	0.298785	
0.0480824	0.0872408	0.293807	
0.0416521	0.0936332	0.290215	
0.0344317	0.0998445	0.288117	
0.0409258	0.0394245	0.326599	
0.0430801	0.0437813	0.318144	
0.0444008	0.0494717	0.310334	
0.0448478	0.0563227	0.303408	
0.0444075	0.0641262	0.297574	
0.0430934	0.0726451	0.293012	
0.0409453	0.0816205	0.289858	
0.0380285	0.0907797	0.28821	
0.0344317	0.0998445	0.288117	
0.014476	0.0367354	0.316271	
0.017842	0.0412154	0.308289	
0.0211412	0.047107	0.301252	
0.0242735	0.054231	0.295374	
0.0271437	0.062371	0.290833	
0.0296645	0.0712798	0.287768	
0.0317594	0.0806866	0.286271	
0.0333647	0.0903056	0.286389	
0.0344317	0.0998445	0.288117	
-0.0107861	0.0482608	0.309753	
-0.00626285	0.0522128	0.302069	
-0.00107392	0.0572422	0.29552	
0.00462306	0.0631961	0.290303	
0.010655	0.0698937	0.286578	
0.0168386	0.0771314	0.284458	
0.0229859	0.0846893	0.284008	
0.0289103	0.0923378	0.28524	
0.0344317	0.0998445	0.288117	
-0.0280915	0.0709123	0.308791	
-0.0227755	0.0738266	0.301151	
-0.0162921	0.0771616	0.294674	
-0.00883819	0.0808159	0.289555	
-0.000640347	0.0846784	0.285951	
0.00805237	0.0886319	0.28397	
0.0169758	0.0925561	0.283674	
0.0258589	0.0963319	0.28507	
0.0344317	0.0998445	0.288117	
-0.0328033	0.0986206	0.313643	
-0.0272715	0.100266	0.305781	
-0.0204356	0.101528	0.298941	
-0.0125033	0.102369	0.29333	
-0.00371576	0.102764	0.289118	
0.00566012	0.1027	0.286434	
0.0153394	0.102179	0.285359	
0.0250281	0.101218	0.285926	
0.0344317	0.0998445	0.288117	
0.0565845	0.140934	0.376616	
0.0572285	0.145255	0.367896	
0.056403	0.148789	0.358844	
0.0541331	0.151428	0.349734	
0.0504878	0.153093	0.340842	
0.0455779	0.153732	0.33244	
0.0395525	0.153326	0.324782	
0.0325947	0.151887	0.318101	
0.0249159	0.14946	0.3126	
0.0644156	0.117012	0.363201	
0.0647008	0.122429	0.355097	
0.0632895	0.127753	0.347048	
0.0602246	0.132821	0.339299	
0.0555992	0.137479	0.332087	
0.0495538	0.141586	0.325629	
0.0422722	0.145018	0.320123	
0.0339755	0.147669	0.315735	
0.0249159	0.14946	0.3126	
0.058109	0.0951167	0.346046	
0.0586832	0.101537	0.338727	
0.0577436	0.108498	0.331961	
0.055319	0.115789	0.325955	
0.0514829	0.123188	0.320889	
0.0463519	0.13047	0.316919	
0.0400819	0.137414	0.314165	
0.0328635	0.143809	0.31271	
0.0249159	0.14946	0.3126	
0.0393547	0.0811141	0.329746	
0.040788	0.0881758	0.323173	
0.0412513	0.0961845	0.317627	
0.0407307	0.104897	0.313275	
0.0392418	0.114048	0.31025	
0.0368301	0.12336	0.308643	
0.0335686	0.132551	0.308504	
0.0295566	0.14134	0.309836	
0.0249159	0.14946	0.3126	
0.0131778	0.0787563	0.318668	
0.0158103	0.085926	0.312604	
0.0182317	0.0941111	0.307886	
0.0203687	0.103063	0.304659	
0.0221561	0.112509	0.30302	
0.0235397	0.122163	0.303019	
0.0244775	0.131732	0.304657	
0.0249409	0.140924	0.307883	
0.0249159	0.14946	0.3126	
-0.0134076	0.0886751	0.315782	
-0.00955724	0.0953904	0.30985	
-0.00514707	0.102834	0.305348	
-0.000311124	0.110778	0.302414	
0.00480368	0.118983	0.301136	
0.0100419	0.127199	0.301554	
0.0152444	0.135177	0.303654	
0.0202532	0.142673	0.307374	
0.0249159	0.14946	0.3126	
-0.033278	0.108213	0.32186	
-0.0285173	0.114033	0.315649	
-0.0226208	0.120015	0.310693	
-0.0157675	0.125976	0.307142	
-0.00816578	0.131736	0.305103	
-4.65289e-05	0.137119	0.30464	
0.00834354	0.141962	0.305765	
0.0167495	0.146118	0.308446	
0.0249159	0.14946	0.3126	
-0.041109	0.132134	0.335275	
-0.0359896	0.136859	0.328449	
-0.0295073	0.141051	0.322489	
-0.021859	0.144583	0.317576	
-0.0132772	0.147349	0.313859	
-0.00402247	0.149264	0.31145	
0.00562383	0.15027	0.310424	
0.0153687	0.150336	0.310811	
0.0249159	0.14946	0.3126	
0.0440813	0.162323	0.409956	
0.0440134	0.169256	0.403098	
0.0425717	0.175382	0.395647	
0.0398002	0.180514	0.387831	
0.0357831	0.184496	0.379886	
0.0306423	0.187208	0.372054	
0.0245341	0.188567	0.364574	
0.017644	0.188531	0.357671	
0.0101815	0.187101	0.351557	
0.0543684	0.145076	0.389702	
0.0538292	0.1528	0.383771	
0.0516181	0.160216	0.377836	
0.0478022	0.167099	0.372076	
0.0424975	0.17324	0.366666	
0.0358652	0.178452	0.361771	
0.0281067	0.182577	0.357539	
0.0194579	0.18549	0.3541	
0.0101815	0.187101	0.351557	
0.0502963	0.129253	0.366323	
0.0499436	0.137702	0.361464	
0.0480371	0.146301	0.357277	
0.0446346	0.154791	0.35389	
0.0398396	0.162912	0.351407	
0.0337977	0.170418	0.349901	
0.0266925	0.177082	0.34942	
0.0187399	0.1827	0.349978	
0.0101815	0.187101	0.351557	
0.0329561	0.119094	0.346085	
0.0333978	0.128008	0.342152	
0.0327884	0.137367	0.33948	
0.0311463	0.146888	0.338148	
0.0285216	0.156281	0.338197	
0.0249938	0.16526	0.339626	
0.0206703	0.173553	0.342391	
0.0156824	0.180908	0.346409	
0.0101815	0.187101	0.351557	
0.00699401	0.11732	0.334409	
0.00862509	0.126315	0.331012	
0.00995773	0.135808	0.329212	
0.0109515	0.145508	0.329066	
0.0115761	0.155123	0.330576	
0.0118126	0.16436	0.333698	
0.0116538	0.172937	0.338336	
0.0111045	0.180595	0.34435	
0.0101815	0.187101	0.351557	
-0.0206333	0.124407	0.334425	
-0.0177366	0.133078	0.331026	
-0.0143373	0.14204	0.329226	
-0.0105388	0.151021	0.329078	
-0.00645641	0.159749	0.330586	
-0.00221421	0.167958	0.333706	
0.00205891	0.175399	0.338342	
0.0062331	0.181845	0.344353	
0.0101815	0.187101	0.351557	
-0.0425232	0.138456	0.346127	
-0.0386237	0.146483	0.342193	
-0.033587	0.154394	0.339517	
-0.0275661	0.161949	0.338181	
-0.020744	0.168919	0.338225	
-0.013328	0.175091	0.339648	
-0.00554338	0.180278	0.342406	
0.00237332	0.184322	0.346417	
0.0101815	0.187101	0.351557	
-0.0528103	0.155703	0.366382	
-0.0484396	0.162939	0.36152	
-0.0426333	0.169561	0.357328	
-0.0355681	0.175365	0.353936	
-0.0274585	0.180176	0.351445	
-0.0185509	0.183847	0.349931	
-0.00911605	0.186267	0.34944	
0.000559425	0.187363	0.349988	
0.0101815	0.187101	0.351557	
0.0299071	0.170244	0.448189	
0.0288671	0.178951	0.44392	
0.0265449	0.186925	0.438808	
0.0230112	0.193925	0.433009	
0.0183734	0.199738	0.426699	
0.0127722	0.204187	0.420069	
0.00637804	0.207136	0.413322	
-0.000614944	0.208497	0.406661	
-0.00799423	0.208228	0.40029	
0.0416908	0.161755	0.423641	
0.0401109	0.170851	0.420497	
0.0369073	0.17946	0.417221	
0.0321773	0.187322	0.413914	
0.0260646	0.194197	0.410677	
0.018755	0.199877	0.407606	
0.0104705	0.204188	0.404797	
0.00146283	0.207001	0.402333	
-0.00799423	0.208228	0.40029	
0.0389802	0.1539	0.396357	
0.0375245	0.163356	0.394462	
0.0345237	0.172553	0.393228	
0.0300688	0.181212	0.392691	
0.0242954	0.18907	0.392868	
0.0173788	0.195889	0.393753	
0.00952908	0.20146	0.395321	
0.000984883	0.205616	0.397522	
-0.00799423	0.208228	0.40029	
0.0225016	0.148783	0.373646	
0.0218008	0.158473	0.372792	
0.0200327	0.168053	0.373256	
0.0172508	0.177232	0.375025	
0.0135398	0.185731	0.378045	
0.00901237	0.193291	0.382223	
0.00380614	0.199683	0.387433	
-0.00192073	0.204713	0.393518	
-0.00799423	0.208228	0.40029	
-0.00332947	0.147776	0.361595	
-0.00284691	0.157512	0.361293	
-0.00268284	0.167167	0.362659	
-0.00284224	0.176448	0.365651	
-0.00332028	0.185073	0.370179	
-0.00410242	0.192779	0.376104	
-0.00516491	0.199333	0.383248	
-0.00647545	0.204536	0.391393	
-0.00799423	0.208228	0.40029	
-0.0315917	0.151147	0.363432	
-0.0298144	0.160729	0.363046	
-0.0275362	0.170132	0.364274	
-0.0248264	0.179071	0.36708	
-0.0217671	0.187274	0.371378	
-0.0184515	0.194491	0.377037	
-0.0149803	0.200504	0.383886	
-0.0114588	0.20513	0.391716	
-0.00799423	0.208228	0.40029	
-0.0547122	0.157995	0.378665	
-0.0518757	0.167263	0.377581	
-0.0478681	0.176154	0.37767	
-0.0428109	0.184397	0.378929	
-0.036858	0.191743	0.38132	
-0.0301901	0.197968	0.384771	
-0.0230099	0.202882	0.389176	
-0.0155356	0.206338	0.394403	
-0.00799423	0.208228	0.40029	
-0.0664959	0.166483	0.403213	
-0.0631196	0.175363	0.401004	
-0.0582304	0.183618	0.399257	
-0.051977	0.191	0.398024	
-0.0445492	0.197283	0.397343	
-0.0361728	0.202277	0.397234	
-0.0271024	0.20583	0.397702	
-0.0176134	0.207834	0.398731	
-0.00799423	0.208228	0.40029	
0.0121072	0.0692169	0.307324	
0.00827742	0.0669732	0.29864	
0.00309301	0.0642245	0.29085	
-0.00328855	0.0610541	0.284191	
-0.0106733	0.0575584	0.278866	
-0.018837	0.0538437	0.275036	
-0.0275314	0.0500228	0.272817	
-0.0364925	0.0462119	0.272277	
-0.0454479	0.0425266	0.273432	
0.016072	0.0411715	0.310676	
0.0120606	0.0402127	0.301838	
0.00657963	0.0395618	0.293798	
-0.000204449	0.0392386	0.286799	
-0.00808547	0.0392531	0.281054	
-0.016824	0.0396047	0.276737	
-0.0261544	0.0402828	0.273981	
-0.0357934	0.0412667	0.272868	
-0.0454479	0.0425266	0.273432	
0.00557675	0.0152213	0.316147	
0.00204616	0.0154512	0.307059	
-0.00264976	0.0167415	0.298609	
-0.00836832	0.0190529	0.291054	
-0.0149358	0.0223153	0.284625	
-0.0221526	0.0264294	0.279515	
-0.0297994	0.0312704	0.275881	
-0.037644	0.036691	0.273833	
-0.0454479	0.0425266	0.273432	
-0.0165664	-0.00168046	0.322271	
-0.0190826	-0.00067624	0.312902	
-0.0221222	0.00187836	0.303994	
-0.0255927	0.00590571	0.295818	
-0.0293887	0.0112835	0.288622	
-0.0333949	0.0178482	0.282624	
-0.0374897	0.0254004	0.278008	
-0.0415484	0.0337107	0.274912	
-0.0454479	0.0425266	0.273432	
-0.0444243	-0.00500493	0.327408	
-0.0456643	-0.00384841	0.317803	
-0.0466199	-0.00104513	0.308511	
-0.0472622	0.00331973	0.299814	
-0.0475716	0.00911356	0.291974	
-0.0475388	0.0161603	0.285232	
-0.0471646	0.0242459	0.279792	
-0.0464605	0.0331245	0.275818	
-0.0454479	0.0425266	0.273432	
-0.0705323	0.00613868	0.33018	
-0.0705763	0.00678469	0.320449	
-0.069579	0.00875439	0.310949	
-0.0675707	0.0119879	0.30197	
-0.0646124	0.016387	0.293784	
-0.0607942	0.0218181	0.28664	
-0.0562318	0.028116	0.280755	
-0.051064	0.0350895	0.276307	
-0.0454479	0.0425266	0.273432	
-0.0878949	0.0287644	0.329846	
-0.0871435	0.0283739	0.32013	
-0.0848474	0.0286512	0.310655	
-0.0810764	0.0295876	0.30171	
-0.0759451	0.031155	0.293566	
-0.0696094	0.0333055	0.28647	
-0.0622618	0.0359738	0.280638	
-0.0541255	0.039079	0.276248	
-0.0454479	0.0425266	0.273432	
-0.0918598	0.0568098	0.326494	
-0.0909267	0.0551345	0.316932	
-0.088334	0.0533138	0.307708	
-0.0841605	0.0514031	0.299103	
-0.0785329	0.0494603	0.291378	
-0.0716224	0.0475445	0.284768	
-0.0636387	0.0457139	0.279474	
-0.0548246	0.0440241	0.275657	
-0.0454479	0.0425266	0.273432	
0.0131443	0.108614	0.320448	
0.00918448	0.109649	0.311595	
0.00384255	0.109983	0.303443	
-0.00271914	0.109607	0.296237	
-0.0103012	0.108532	0.290198	
-0.0186733	0.10679	0.285509	
-0.027581	0.104435	0.282311	
-0.0367537	0.101538	0.280703	
-0.0459126	0.0981874	0.280734	
0.01543	0.0809057	0.314081	
0.0113654	0.0832098	0.305521	
0.00585251	0.085617	0.297844	
-0.000941224	0.088054	0.291285	
-0.00880937	0.0904467	0.286043	
-0.0175128	0.0927226	0.282276	
-0.0267872	0.0948124	0.2801	
-0.0363506	0.0966526	0.279581	
-0.0459126	0.0981874	0.280734	
0.00340704	0.0552622	0.310711	
-0.000106746	0.0587412	0.302305	
-0.0047203	0.0630665	0.29488	
-0.0102934	0.0681069	0.288663	
-0.0166568	0.0737092	0.283843	
-0.0236171	0.0797031	0.280565	
-0.0309627	0.0859065	0.27893	
-0.0384706	0.092131	0.278987	
-0.0459126	0.0981874	0.280734	
-0.019703	0.0385546	0.31124	
-0.0221581	0.042799	0.302809	
-0.0250429	0.0483741	0.295345	
-0.0282698	0.0551107	0.289075	
-0.0317408	0.0628041	0.284188	
-0.0353503	0.0712204	0.280834	
-0.0389888	0.080104	0.279113	
-0.0425455	0.089185	0.27908	
-0.0459126	0.0981874	0.280734	
-0.0477077	0.0352597	0.315526	
-0.0488799	0.0396549	0.306899	
-0.0496699	0.0454766	0.299115	
-0.0500537	0.0525477	0.292409	
-0.0500196	0.0606534	0.286986	
-0.0495687	0.0695475	0.28301	
-0.0487147	0.0789597	0.280602	
-0.0474835	0.088604	0.279836	
-0.0459126	0.0981874	0.280734	
-0.0731034	0.0462602	0.322421	
-0.0731122	0.0501515	0.313479	
-0.0720025	0.0551503	0.305178	
-0.069808	0.0611046	0.297772	
-0.0665954	0.0678335	0.291486	
-0.0624624	0.0751326	0.286511	
-0.0575345	0.0827801	0.282997	
-0.0519615	0.0905437	0.281051	
-0.0459126	0.0981874	0.280734	
-0.0890852	0.0686087	0.330078	
-0.0883618	0.0714762	0.320785	
-0.0860566	0.0748032	0.311911	
-0.0822396	0.0784886	0.303728	
-0.0770268	0.0824204	0.296484	
-0.0705766	0.0864793	0.290398	
-0.063085	0.0905417	0.285656	
-0.0547795	0.0944843	0.282402	
-0.0459126	0.0981874	0.280734	
-0.0913709	0.0963168	0.336444	
-0.0905428	0.097915	0.326859	
-0.0880666	0.0991693	0.31751	
-0.0840175	0.100042	0.30868	
-0.0785187	0.100506	0.300639	
-0.0717371	0.100547	0.29363	
-0.0638787	0.100165	0.287867	
-0.0551825	0.09937	0.283524	
-0.0459126	0.0981874	0.280734	
0.0165349	0.141153	0.346043	
0.0126407	0.145333	0.338138	
0.00732536	0.148696	0.330685	
0.00075038	0.15114	0.323909	
-0.00688446	0.152592	0.318017	
-0.0153472	0.153006	0.313187	
-0.0243807	0.15237	0.309567	
-0.0337104	0.150704	0.307266	
-0.0430529	0.148058	0.306354	
0.017161	0.117133	0.330676	
0.0132382	0.122414	0.323475	
0.00787598	0.127573	0.317171	
0.00123743	0.132456	0.311956	
-0.00647578	0.136914	0.307987	
-0.0150293	0.140811	0.305385	
-0.0241632	0.144028	0.30423	
-0.0336	0.146469	0.304556	
-0.0430529	0.148058	0.306354	
0.0036283	0.0948454	0.319117	
0.000325378	0.101147	0.312446	
-0.0040245	0.107974	0.307007	
-0.00928916	0.11512	0.302964	
-0.0153086	0.122367	0.300442	
-0.0219	0.129495	0.299517	
-0.0288631	0.136288	0.300216	
-0.0359862	0.142539	0.302518	
-0.0430529	0.148058	0.306354	
-0.0204372	0.0802615	0.314463	
-0.0226377	0.0872308	0.308005	
-0.0251873	0.0951489	0.302914	
-0.0280088	0.103775	0.299345	
-0.0310163	0.112848	0.297405	
-0.0341184	0.12209	0.297154	
-0.0372209	0.131223	0.298599	
-0.0402296	0.139967	0.301697	
-0.0430529	0.148058	0.306354	
-0.0485872	0.0772892	0.317962	
-0.049498	0.0843947	0.311344	
-0.049942	0.0925351	0.305991	
-0.0499056	0.101463	0.302066	
-0.0493899	0.110908	0.299689	
-0.0484105	0.120581	0.29893	
-0.0469973	0.130191	0.299814	
-0.0451932	0.139443	0.302314	
-0.0430529	0.148058	0.306354	
-0.0732788	0.086725	0.328676	
-0.0730585	0.0933982	0.321567	
-0.0716555	0.100833	0.315413	
-0.0691123	0.108803	0.3104	
-0.0655062	0.117066	0.306681	
-0.0609468	0.125372	0.30437	
-0.0555726	0.133468	0.303535	
-0.049547	0.141107	0.304203	
-0.0430529	0.148058	0.306354	
-0.087896	0.106041	0.343733	
-0.0870061	0.111829	0.335935	
-0.0845097	0.117819	0.328654	
-0.0804825	0.123828	0.322113	
-0.0750469	0.129674	0.31651	
-0.0683682	0.135179	0.312015	
-0.0606491	0.140176	0.308765	
-0.0521244	0.144513	0.306858	
-0.0430529	0.148058	0.306354	
-0.0885222	0.13006	0.359101	
-0.0876036	0.134748	0.350598	
-0.0850603	0.138941	0.342168	
-0.0809695	0.142512	0.334067	
-0.0754556	0.145352	0.32654	
-0.0686861	0.147374	0.319817	
-0.0608666	0.148518	0.314102	
-0.0522348	0.148748	0.309568	
-0.0430529	0.148058	0.306354	
0.0218698	0.16291	0.381023	
0.0182292	0.169722	0.375068	
0.0131214	0.175694	0.369292	
0.00670155	0.180645	0.363871	
-0.000835181	0.184424	0.358968	
-0.00925982	0.186916	0.354734	
-0.0183164	0.188046	0.351296	
-0.0277297	0.187779	0.34876	
-0.0372138	0.186124	0.347202	
0.0210563	0.145485	0.358457	
0.0174529	0.153095	0.353536	
0.012406	0.160371	0.349448	
0.00606874	0.16709	0.346318	
-0.00136617	0.17305	0.34424	
-0.00967286	0.178069	0.343277	
-0.0185989	0.181994	0.343459	
-0.0278732	0.184707	0.344781	
-0.0372138	0.186124	0.347202	
0.00621385	0.129197	0.34035	
0.00329041	0.137553	0.336258	
-0.000646299	0.146047	0.333525	
-0.00547666	0.15442	0.332233	
-0.0110539	0.162419	0.332421	
-0.0172086	0.169799	0.334084	
-0.0237537	0.176337	0.337171	
-0.0304903	0.181835	0.341588	
-0.0372138	0.186124	0.347202	
-0.0186806	0.11841	0.331552	
-0.0204636	0.12726	0.327863	
-0.0225381	0.136561	0.325788	
-0.0248411	0.14603	0.325389	
-0.0273026	0.155378	0.326678	
-0.0298478	0.164322	0.329617	
-0.0323994	0.172591	0.334115	
-0.0348799	0.179933	0.340037	
-0.0372138	0.186124	0.347202	
-0.0469565	0.116014	0.334421	
-0.0474441	0.124975	0.330601	
-0.0474035	0.134455	0.328311	
-0.0468358	0.144166	0.327621	
-0.0457584	0.153815	0.328551	
-0.0442039	0.163106	0.331073	
-0.0422195	0.171759	0.335112	
-0.0398657	0.17951	0.340543	
-0.0372138	0.186124	0.347202	
-0.0710374	0.122652	0.348188	
-0.0704218	0.131309	0.343738	
-0.0685799	0.140292	0.340418	
-0.0655674	0.14933	0.33833	
-0.0614761	0.158147	0.337537	
-0.0564301	0.166477	0.338063	
-0.0505827	0.174065	0.339893	
-0.0441118	0.180681	0.34297	
-0.0372138	0.186124	0.347202	
-0.0844708	0.136545	0.369165	
-0.0832399	0.144565	0.363753	
-0.080393	0.152509	0.358865	
-0.0760168	0.160137	0.354647	
-0.0702441	0.167215	0.351229	
-0.0632504	0.17353	0.348714	
-0.0552481	0.17889	0.347178	
-0.0464805	0.18313	0.346669	
-0.0372138	0.186124	0.347202	
-0.0836573	0.153971	0.39173	
-0.0824636	0.161192	0.385285	
-0.0796776	0.167833	0.378708	
-0.075384	0.173691	0.3722	
-0.0697131	0.178589	0.365957	
-0.0628374	0.182377	0.36017	
-0.0549656	0.184941	0.355015	
-0.046337	0.186203	0.350648	
-0.0372138	0.186124	0.347202	
0.0285058	0.171261	0.421168	
0.0252759	0.179874	0.41793	
0.0205315	0.187721	0.414607	
0.0144166	0.194561	0.411301	
0.007117	0.200188	0.408112	
-0.00114543	0.20443	0.405137	
-0.0101197	0.207159	0.402466	
-0.019533	0.208292	0.400181	
-0.0290995	0.207793	0.398351	
0.0266461	0.162541	0.394076	
0.0235014	0.171554	0.392078	
0.0188961	0.180053	0.390782	
0.01297	0.187778	0.390227	
0.00590317	0.194497	0.390429	
-0.00208962	0.200003	0.391382	
-0.0107655	0.204131	0.393057	
-0.019861	0.206754	0.395404	
-0.0290995	0.207793	0.398351	
0.0108518	0.154172	0.371849	
0.00843072	0.163569	0.37087	
0.00500685	0.172694	0.371237	
0.000684225	0.181269	0.372938	
-0.0044058	0.189035	0.375921	
-0.0101086	0.195755	0.380097	
-0.0162508	0.201225	0.385338	
-0.0226459	0.205279	0.391485	
-0.0290995	0.207793	0.398351	
-0.014645	0.148398	0.360445	
-0.015898	0.158059	0.359988	
-0.0174146	0.167616	0.361208	
-0.0191487	0.176777	0.364066	
-0.0210476	0.185266	0.368478	
-0.0230536	0.192823	0.374307	
-0.0251058	0.199219	0.381377	
-0.0271417	0.20426	0.389474	
-0.0290995	0.207793	0.398351	
-0.0430124	0.146764	0.362918	
-0.0429659	0.1565	0.362348	
-0.0423605	0.166179	0.363382	
-0.0412147	0.175506	0.36599	
-0.0395632	0.184199	0.370092	
-0.0374562	0.191993	0.375562	
-0.0349577	0.198652	0.382236	
-0.0321436	0.203972	0.38991	
-0.0290995	0.207793	0.398351	
-0.0666495	0.149709	0.378606	
-0.0655201	0.15931	0.377317	
-0.0631466	0.168769	0.377178	
-0.0596011	0.177797	0.378193	
-0.0549912	0.186121	0.380331	
-0.049457	0.193489	0.383527	
-0.0431667	0.199675	0.387684	
-0.0363115	0.204492	0.392676	
-0.0290995	0.207793	0.398351	
-0.0792226	0.156444	0.403305	
-0.0775173	0.165736	0.400885	
-0.0742033	0.174691	0.398898	
-0.0693813	0.183036	0.397406	
-0.0631977	0.190517	0.396453	
-0.0558406	0.196908	0.396068	
-0.0475334	0.202013	0.396262	
-0.0385285	0.205679	0.397031	
-0.0290995	0.207793	0.398351	
-0.077363	0.165163	0.430398	
-0.0757428	0.174057	0.426736	
-0.0725679	0.182359	0.422723	
-0.0679347	0.189819	0.41848	
-0.0619839	0.196209	0.414136	
-0.0548964	0.201335	0.409823	
-0.0468875	0.205042	0.405672	
-0.0382006	0.207217	0.401809	
-0.0290995	0.207793	0.398351	
