-0.0142172	-0.303756	0.457258	
0.0130776	-0.29454	0.454285	
0.0318752	-0.273464	0.447863	
-0.0154725	-0.302251	0.46189	
0.00843096	-0.28897	0.47143	
0.0250823	-0.26532	0.472927	
-0.0189828	-0.300906	0.465231	
-0.00456292	-0.283988	0.483796	
0.00608647	-0.258038	0.491005	
-0.0238075	-0.30008	0.466385	
-0.0224223	-0.280931	0.488069	
-0.0200222	-0.253568	0.497252	
-0.0286538	-0.299995	0.465044	
-0.0403618	-0.280616	0.483105	
-0.046248	-0.253109	0.489995	
-0.0322232	-0.300674	0.461567	
-0.0535745	-0.283129	0.470233	
-0.0655637	-0.256782	0.471178	
-0.0335593	-0.301934	0.456885	
-0.0585201	-0.287796	0.452903	
-0.0727937	-0.263605	0.445843	
-0.032304	-0.303439	0.452254	
-0.0538734	-0.293367	0.435758	
-0.0660007	-0.271748	0.420779	
-0.04049	-0.267318	0.527544	
-0.0121438	-0.265422	0.521915	
0.00977247	-0.253414	0.507277	
-0.0412832	-0.263624	0.530864	
-0.0150799	-0.251749	0.534203	
0.00548023	-0.233425	0.525241	
-0.044373	-0.260287	0.533011	
-0.0265175	-0.239396	0.542151	
-0.0112405	-0.215367	0.53686	
-0.0489316	-0.258201	0.53341	
-0.043392	-0.231674	0.543628	
-0.0359093	-0.204078	0.539019	
-0.0537375	-0.257925	0.531954	
-0.0611818	-0.230651	0.538239	
-0.0619163	-0.202582	0.531141	
-0.057503	-0.259532	0.529033	
-0.0751202	-0.236601	0.527427	
-0.0822929	-0.21128	0.515336	
-0.059219	-0.262593	0.52543	
-0.0814724	-0.24793	0.514091	
-0.0915792	-0.227842	0.495839	
-0.0584258	-0.266286	0.522111	
-0.0785363	-0.261603	0.501802	
-0.0872869	-0.247831	0.477874	
-0.0572659	-0.198246	0.571198	
-0.0292629	-0.204116	0.566707	
-0.00617614	-0.204355	0.549222	
-0.0572742	-0.193352	0.572357	
-0.0292938	-0.186001	0.570997	
-0.00622123	-0.177872	0.555493	
-0.05965	-0.188923	0.572538	
-0.0380883	-0.169607	0.571667	
-0.019078	-0.153905	0.556473	
-0.0637568	-0.186146	0.571693	
-0.0532901	-0.159326	0.568539	
-0.0413015	-0.138876	0.5519	
-0.068494	-0.185764	0.570048	
-0.0708257	-0.157914	0.56245	
-0.0669369	-0.136812	0.542999	
-0.0725924	-0.187881	0.568044	
-0.0859966	-0.165749	0.555032	
-0.0891152	-0.148266	0.532154	
-0.0749538	-0.191929	0.566218	
-0.0947377	-0.180732	0.548273	
-0.101894	-0.170169	0.522273	
-0.0749455	-0.196822	0.565059	
-0.0947069	-0.198847	0.543983	
-0.101849	-0.196652	0.516002	
-0.000828395	-0.303401	0.45646	
0.0236698	-0.293895	0.444283	
0.03883	-0.272667	0.4317	
-0.000448014	-0.301862	0.461232	
0.0250778	-0.288198	0.461951	
0.0408885	-0.264339	0.457528	
-0.00262539	-0.300523	0.465563	
0.0170179	-0.28324	0.477983	
0.0291056	-0.257091	0.480965	
-0.00677711	-0.299742	0.468292	
0.00164962	-0.280349	0.488083	
0.00663874	-0.252864	0.495731	
-0.0117907	-0.299728	0.468687	
-0.0169091	-0.280299	0.489546	
-0.0204922	-0.252792	0.49787	
-0.0163228	-0.300486	0.466643	
-0.0336854	-0.283105	0.48198	
-0.0450175	-0.256893	0.486809	
-0.019159	-0.301812	0.462708	
-0.0441841	-0.288013	0.467411	
-0.0603657	-0.264069	0.46551	
-0.0195394	-0.303351	0.457935	
-0.0455921	-0.29371	0.449744	
-0.0624241	-0.272397	0.439683	
-0.00204489	-0.266533	0.531275	
0.0226419	-0.264361	0.516287	
0.0380598	-0.25225	0.49497	
-0.00171069	-0.262814	0.534644	
0.023879	-0.250595	0.528757	
0.0398684	-0.232125	0.513201	
-0.00393007	-0.259491	0.537697	
0.0156636	-0.238294	0.540062	
0.0278582	-0.214144	0.529726	
-0.00810837	-0.257455	0.539618	
0.000196941	-0.230757	0.54717	
0.00524748	-0.203124	0.540119	
-0.013126	-0.25725	0.53989	
-0.0183767	-0.230001	0.548179	
-0.0219053	-0.20202	0.541593	
-0.0176385	-0.258933	0.538442	
-0.0350805	-0.23623	0.542817	
-0.0463246	-0.211126	0.533754	
-0.0204368	-0.262052	0.53566	
-0.0454387	-0.247775	0.532521	
-0.0614673	-0.228003	0.518703	
-0.020771	-0.265771	0.532291	
-0.0466758	-0.261541	0.52005	
-0.0632759	-0.248128	0.500472	
-0.00391545	-0.197205	0.577623	
0.0209523	-0.202791	0.563869	
0.0366781	-0.202942	0.539549	
-0.00359955	-0.192299	0.578686	
0.0221216	-0.184633	0.567803	
0.0383876	-0.176396	0.545301	
-0.0058356	-0.187897	0.579642	
0.0138445	-0.168337	0.571341	
0.0262873	-0.152574	0.550473	
-0.0100244	-0.185178	0.580234	
-0.00166115	-0.158271	0.573535	
0.00361944	-0.137858	0.55368	
-0.0150437	-0.18487	0.580305	
-0.0202407	-0.157131	0.573797	
-0.023542	-0.136192	0.554063	
-0.0195484	-0.187056	0.579835	
-0.0369157	-0.165223	0.572056	
-0.0479193	-0.148022	0.551518	
-0.0223316	-0.19115	0.57895	
-0.0472182	-0.180379	0.56878	
-0.0629805	-0.170178	0.546728	
-0.0226475	-0.196056	0.577887	
-0.0483875	-0.198537	0.564845	
-0.06469	-0.196723	0.540976	
0.0114754	-0.302896	0.451132	
0.0301974	-0.293231	0.431261	
0.0398325	-0.27196	0.414129	
0.0134405	-0.301302	0.455478	
0.0374718	-0.287331	0.447349	
0.050467	-0.263334	0.437649	
0.0128541	-0.299943	0.460284	
0.0353012	-0.282298	0.465141	
0.0472937	-0.255978	0.463658	
0.00987329	-0.299182	0.464263	
0.024267	-0.279482	0.479868	
0.0311628	-0.251861	0.485187	
0.00529669	-0.299224	0.466347	
0.007326	-0.279636	0.487584	
0.00639672	-0.252086	0.496468	
0.000350658	-0.300057	0.46598	
-0.0109826	-0.28272	0.486223	
-0.0203686	-0.256595	0.494478	
-0.00363953	-0.301458	0.463258	
-0.0257529	-0.287907	0.476148	
-0.0419614	-0.264177	0.479749	
-0.00560471	-0.303052	0.458912	
-0.0330274	-0.293807	0.460059	
-0.052596	-0.272802	0.456229	
0.0353459	-0.265253	0.521639	
0.0533929	-0.262949	0.499105	
0.060421	-0.250884	0.473731	
0.036756	-0.261495	0.524668	
0.0586125	-0.249037	0.51032	
0.0680517	-0.230546	0.490127	
0.0356646	-0.258166	0.528277	
0.0545725	-0.236716	0.523678	
0.0621456	-0.212534	0.509655	
0.0323641	-0.25616	0.531498	
0.0423553	-0.229287	0.535599	
0.0442852	-0.201673	0.527082	
0.027739	-0.256012	0.533467	
0.0252345	-0.22874	0.542889	
0.0192563	-0.200874	0.53774	
0.0230284	-0.257763	0.533658	
0.00779765	-0.235223	0.543595	
-0.00623471	-0.210351	0.538772	
0.0194947	-0.260944	0.532019	
-0.00528312	-0.246998	0.537527	
-0.0253575	-0.227564	0.529901	
0.0180846	-0.264702	0.528989	
-0.0105028	-0.260909	0.526312	
-0.0329882	-0.247902	0.513506	
0.048399	-0.195465	0.565424	
0.0671517	-0.200902	0.544034	
0.0736241	-0.201125	0.515805	
0.0489866	-0.190545	0.566286	
0.069327	-0.18269	0.547224	
0.076804	-0.174501	0.520469	
0.047147	-0.186159	0.567922	
0.0625172	-0.166457	0.553281	
0.0668488	-0.15077	0.529324	
0.043373	-0.183484	0.569895	
0.0485471	-0.156553	0.560582	
0.0464259	-0.136291	0.539997	
0.0386759	-0.183234	0.571675	
0.03116	-0.15563	0.56717	
0.0210076	-0.134942	0.549628	
0.0343142	-0.185478	0.572785	
0.0150146	-0.163937	0.57128	
-0.00259526	-0.147085	0.555637	
0.0314568	-0.189615	0.572928	
0.00443726	-0.179247	0.571811	
-0.0180584	-0.169467	0.556413	
0.0308691	-0.194534	0.572067	
0.00226202	-0.197458	0.568621	
-0.0212383	-0.196091	0.551749	
0.02121	-0.302302	0.441917	
0.0318732	-0.292627	0.416788	
0.0347616	-0.271427	0.397269	
0.024518	-0.300639	0.445321	
0.0441181	-0.286471	0.429387	
0.0526625	-0.262427	0.415687	
0.0255887	-0.299236	0.45003	
0.0480817	-0.281276	0.446819	
0.0584568	-0.254833	0.441171	
0.0241354	-0.298468	0.454783	
0.0427019	-0.278435	0.464413	
0.0505921	-0.250679	0.466892	
0.0205474	-0.298542	0.458306	
0.0294203	-0.278708	0.477455	
0.0311756	-0.251078	0.485958	
0.0157861	-0.299437	0.459656	
0.0117955	-0.282022	0.48245	
0.00541003	-0.255923	0.49326	
0.0111273	-0.300915	0.45847	
-0.00544971	-0.28749	0.47806	
-0.0198008	-0.263917	0.486842	
0.00781935	-0.302578	0.455066	
-0.0176946	-0.293646	0.465461	
-0.0377017	-0.272916	0.468424	
0.0671725	-0.263634	0.499798	
0.0764	-0.261355	0.47244	
0.074159	-0.249478	0.446122	
0.0694772	-0.259827	0.502141	
0.0849313	-0.247265	0.481114	
0.0866308	-0.228878	0.458802	
0.0696353	-0.256474	0.505886	
0.0855162	-0.234851	0.494975	
0.087486	-0.210731	0.479065	
0.0676043	-0.254472	0.510029	
0.0779982	-0.227441	0.51031	
0.0764954	-0.199898	0.501482	
0.0639285	-0.254358	0.513459	
0.0643917	-0.22702	0.523008	
0.0566039	-0.199282	0.520046	
0.0595928	-0.256163	0.515258	
0.0483424	-0.2337	0.529668	
0.0331415	-0.209049	0.529783	
0.055759	-0.259403	0.514944	
0.0341509	-0.245693	0.528506	
0.0123948	-0.22658	0.528083	
0.0534543	-0.263209	0.512601	
0.0256196	-0.259783	0.519832	
-7.69871e-05	-0.247179	0.515403	
0.0933675	-0.193235	0.536073	
0.103763	-0.198677	0.509595	
0.100206	-0.199123	0.480856	
0.0941417	-0.1883	0.536653	
0.106629	-0.180408	0.511742	
0.104395	-0.172415	0.483994	
0.0929072	-0.18392	0.538794	
0.102059	-0.164193	0.519665	
0.0977144	-0.148711	0.495577	
0.089995	-0.181268	0.541921	
0.0912789	-0.154378	0.531241	
0.0819549	-0.134362	0.5125	
0.0861853	-0.181055	0.545197	
0.0771766	-0.153591	0.543368	
0.0613388	-0.133212	0.530229	
0.0824989	-0.183339	0.547744	
0.0635309	-0.162044	0.552797	
0.0413902	-0.145569	0.544014	
0.0799237	-0.187507	0.54888	
0.0539982	-0.177472	0.557002	
0.0274543	-0.168123	0.55016	
0.0791495	-0.192442	0.5483	
0.0511327	-0.195741	0.554855	
0.0232652	-0.19483	0.547022	
0.0272014	-0.301691	0.429927	
0.028495	-0.292158	0.40261	
0.024229	-0.271133	0.383154	
0.0314482	-0.299953	0.431986	
0.044215	-0.285724	0.41023	
0.0472101	-0.261727	0.394293	
0.0340424	-0.298487	0.436037	
0.053818	-0.280298	0.425227	
0.0612487	-0.253795	0.416217	
0.034289	-0.297687	0.440996	
0.0547308	-0.277334	0.443583	
0.0625831	-0.249462	0.443052	
0.0321219	-0.297765	0.445534	
0.0467088	-0.277626	0.460379	
0.0508558	-0.249888	0.467607	
0.0281217	-0.298703	0.448434	
0.0319016	-0.281095	0.471116	
0.0292091	-0.25496	0.483303	
0.0233604	-0.300247	0.44892	
0.0142767	-0.286813	0.472916	
0.00344325	-0.263319	0.485934	
0.0191137	-0.301985	0.446862	
-0.00144331	-0.293246	0.465296	
-0.0195379	-0.272724	0.474795	
0.0895962	-0.26187	0.468388	
0.0888884	-0.259773	0.43951	
0.0776166	-0.248202	0.415472	
0.0925064	-0.258012	0.46978	
0.0996608	-0.245491	0.444663	
0.0933648	-0.227324	0.423005	
0.0938846	-0.254617	0.473225	
0.104763	-0.232925	0.457416	
0.100823	-0.208953	0.441648	
0.0933616	-0.252596	0.4778	
0.102827	-0.225442	0.474352	
0.097993	-0.198014	0.466407	
0.0910776	-0.252489	0.482279	
0.0943718	-0.225047	0.490933	
0.0856329	-0.197437	0.490647	
0.0876444	-0.254326	0.485463	
0.0816636	-0.231846	0.502716	
0.0670546	-0.207376	0.507872	
0.0839822	-0.257614	0.486497	
0.068107	-0.244017	0.506544	
0.0472363	-0.225169	0.513469	
0.081072	-0.261472	0.485105	
0.0573346	-0.258299	0.501391	
0.0314881	-0.246048	0.505936	
0.125566	-0.190785	0.49311	
0.12637	-0.196384	0.464705	
0.113216	-0.197177	0.438915	
0.126419	-0.185836	0.493361	
0.129527	-0.178061	0.465636	
0.117831	-0.17039	0.440275	
0.125926	-0.181448	0.495768	
0.127701	-0.161819	0.474547	
0.115161	-0.146645	0.453303	
0.124218	-0.178798	0.499687	
0.12138	-0.152009	0.489052	
0.105921	-0.132305	0.474507	
0.121754	-0.178595	0.504066	
0.112259	-0.15126	0.505263	
0.092587	-0.13121	0.498207	
0.119194	-0.180895	0.507733	
0.102781	-0.159774	0.518838	
0.0787317	-0.143656	0.518051	
0.117223	-0.185081	0.509705	
0.0954869	-0.175268	0.526138	
0.0680679	-0.166307	0.528723	
0.11637	-0.190031	0.509454	
0.09233	-0.193591	0.525208	
0.0634528	-0.193093	0.527363	
0.028727	-0.301136	0.416608	
0.0204703	-0.291879	0.390438	
0.00950515	-0.271113	0.373486	
0.0333953	-0.299327	0.417081	
0.0377509	-0.285179	0.392188	
0.0347676	-0.261319	0.376045	
0.0371955	-0.297787	0.419994	
0.0518181	-0.279481	0.402969	
0.0553325	-0.252989	0.391805	
0.0391094	-0.296931	0.424565	
0.0589027	-0.276312	0.41989	
0.0656896	-0.248356	0.416542	
0.0386242	-0.296987	0.42957	
0.0571065	-0.27652	0.438418	
0.0630636	-0.248661	0.443629	
0.0358698	-0.297941	0.433669	
0.0469106	-0.28005	0.453589	
0.0481582	-0.253822	0.465807	
0.0315842	-0.299537	0.435762	
0.031047	-0.285957	0.461337	
0.0249673	-0.262456	0.477134	
0.0269159	-0.301347	0.435289	
0.0137665	-0.292656	0.459586	
-0.000295195	-0.27225	0.474574	
0.0999123	-0.260174	0.431195	
0.0893517	-0.258392	0.404287	
0.070377	-0.247211	0.385479	
0.103066	-0.256267	0.431486	
0.101024	-0.24393	0.405363	
0.0874415	-0.226069	0.387053	
0.105488	-0.25282	0.434233	
0.10999	-0.23117	0.41553	
0.100548	-0.207415	0.401916	
0.106529	-0.250757	0.438699	
0.113846	-0.223531	0.432064	
0.106185	-0.196248	0.426086	
0.105912	-0.250629	0.443689	
0.111559	-0.22306	0.450533	
0.102842	-0.19556	0.453086	
0.1038	-0.252473	0.447864	
0.103742	-0.229884	0.46599	
0.0914143	-0.205535	0.475682	
0.10076	-0.255793	0.450107	
0.0924896	-0.242173	0.474292	
0.0749644	-0.223501	0.487819	
0.0976067	-0.2597	0.449816	
0.0808168	-0.256635	0.473215	
0.0578999	-0.244643	0.486245	
0.141112	-0.188411	0.441716	
0.132247	-0.194301	0.41478	
0.111087	-0.195523	0.395043	
0.141926	-0.183449	0.441631	
0.135261	-0.175933	0.414467	
0.115494	-0.16867	0.394585	
0.14222	-0.179042	0.444036	
0.136349	-0.15962	0.42337	
0.117085	-0.144822	0.4076	
0.141915	-0.176371	0.448286	
0.13522	-0.149732	0.439103	
0.115434	-0.130367	0.4306	
0.141093	-0.176151	0.453243	
0.132176	-0.148919	0.45745	
0.110983	-0.129179	0.457422	
0.139973	-0.178442	0.457578	
0.128032	-0.1574	0.473497	
0.104925	-0.141577	0.48088	
0.138857	-0.18263	0.460129	
0.123899	-0.172901	0.482942	
0.0988839	-0.164238	0.494688	
0.138042	-0.187592	0.460214	
0.120885	-0.191269	0.483255	
0.0944772	-0.19109	0.495146	
0.0256026	-0.300705	0.403567	
0.00876704	-0.291824	0.381739	
-0.00763408	-0.27137	0.369432	
0.0301244	-0.298835	0.402406	
0.0255053	-0.284902	0.377439	
0.0168356	-0.261251	0.363146	
0.0346678	-0.29722	0.403835	
0.0423233	-0.278924	0.38273	
0.0414219	-0.252512	0.37088	
0.0380153	-0.296293	0.407472	
0.0547146	-0.275492	0.396192	
0.0595368	-0.247495	0.390561	
0.0392699	-0.296302	0.412342	
0.059359	-0.275525	0.41422	
0.0663265	-0.247543	0.416916	
0.0380956	-0.297245	0.41714	
0.0550121	-0.279014	0.431982	
0.0599716	-0.252644	0.442882	
0.0348069	-0.298868	0.420581	
0.0428385	-0.285025	0.444719	
0.0421751	-0.261432	0.461503	
0.0302851	-0.300738	0.421743	
0.0261002	-0.291947	0.449019	
0.0177053	-0.271551	0.467789	
0.0968766	-0.258751	0.392707	
0.077734	-0.25738	0.371017	
0.0533132	-0.246624	0.359759	
0.0998817	-0.254804	0.39188	
0.0888579	-0.24277	0.367955	
0.0695753	-0.225266	0.355282	
0.103045	-0.2513	0.393613	
0.100568	-0.229798	0.37437	
0.0866944	-0.206302	0.364661	
0.105519	-0.249177	0.397443	
0.109727	-0.221939	0.388545	
0.100084	-0.194813	0.385383	
0.106641	-0.249004	0.402342	
0.11388	-0.221299	0.406681	
0.106155	-0.193878	0.411896	
0.106111	-0.250828	0.406999	
0.111915	-0.22805	0.423918	
0.103282	-0.203747	0.437096	
0.104069	-0.25416	0.410165	
0.104358	-0.240383	0.435638	
0.0922348	-0.221777	0.454229	
0.101064	-0.258106	0.410992	
0.093234	-0.254993	0.438701	
0.0759727	-0.243135	0.458707	
0.138129	-0.186398	0.38809	
0.120684	-0.192678	0.365841	
0.094075	-0.194359	0.35453	
0.138792	-0.181428	0.387703	
0.123139	-0.17428	0.364408	
0.0976638	-0.167463	0.352435	
0.139825	-0.176992	0.389837	
0.126962	-0.157861	0.372306	
0.103253	-0.143461	0.363981	
0.140951	-0.17428	0.393919	
0.131129	-0.147821	0.387419	
0.109346	-0.128783	0.386074	
0.141868	-0.174018	0.398857	
0.134524	-0.14685	0.405697	
0.114308	-0.127364	0.412795	
0.14233	-0.176276	0.403327	
0.136237	-0.155208	0.422243	
0.116812	-0.139582	0.436984	
0.142215	-0.180449	0.406131	
0.135808	-0.170656	0.432624	
0.116185	-0.162165	0.45216	
0.141551	-0.185419	0.406519	
0.133353	-0.189054	0.434057	
0.112597	-0.189061	0.454255	
0.0182052	-0.300449	0.392376	
-0.00520325	-0.291999	0.377563	
-0.0251214	-0.271873	0.37148	
0.0220301	-0.298538	0.389728	
0.00895539	-0.284926	0.367761	
-0.00442289	-0.261533	0.357151	
0.026764	-0.296854	0.389509	
0.0264788	-0.278694	0.36695	
0.0211946	-0.252422	0.355966	
0.0311385	-0.295849	0.391778	
0.0426716	-0.274973	0.375348	
0.0448669	-0.246982	0.368242	
0.0339813	-0.295792	0.395926	
0.0531949	-0.274759	0.390703	
0.0602509	-0.24667	0.39069	
0.0345309	-0.296697	0.400842	
0.055229	-0.278112	0.408902	
0.0632246	-0.251571	0.417295	
0.0326398	-0.298323	0.405209	
0.0482289	-0.284131	0.425068	
0.0529912	-0.26037	0.440928	
0.0288148	-0.300234	0.407857	
0.0340703	-0.291204	0.434869	
0.0322926	-0.27071	0.455256	
0.0808552	-0.257773	0.357566	
0.0554366	-0.256858	0.343715	
0.0284835	-0.246512	0.341417	
0.0833384	-0.253799	0.355738	
0.0646285	-0.242151	0.336949	
0.0419211	-0.225011	0.331525	
0.0868516	-0.25024	0.356265	
0.0776332	-0.228973	0.3389	
0.0609328	-0.205748	0.334377	
0.0904535	-0.248047	0.359006	
0.0909663	-0.220857	0.349045	
0.0804244	-0.193882	0.349208	
0.093179	-0.247809	0.363226	
0.101055	-0.219976	0.364666	
0.0951732	-0.192594	0.372044	
0.0942977	-0.249589	0.367794	
0.105196	-0.226566	0.381577	
0.101227	-0.202229	0.396766	
0.0935099	-0.252911	0.371487	
0.10228	-0.238863	0.395247	
0.0969644	-0.220205	0.41675	
0.0910268	-0.256884	0.373315	
0.0930884	-0.25357	0.402013	
0.0835268	-0.241705	0.426642	
0.116977	-0.18499	0.338701	
0.0930757	-0.191711	0.323791	
0.0642316	-0.193827	0.322263	
0.117395	-0.180016	0.338081	
0.0946218	-0.173301	0.321496	
0.0664919	-0.166914	0.318908	
0.119029	-0.175547	0.339707	
0.100671	-0.156756	0.327514	
0.0753348	-0.142726	0.327707	
0.121442	-0.172778	0.343143	
0.109602	-0.146508	0.340233	
0.0883908	-0.127744	0.346301	
0.123986	-0.172452	0.347469	
0.119021	-0.145303	0.356245	
0.102162	-0.125982	0.369709	
0.125981	-0.174657	0.351525	
0.126406	-0.153464	0.37126	
0.112958	-0.137913	0.391658	
0.126892	-0.178801	0.354225	
0.129777	-0.168805	0.381253	
0.117886	-0.16034	0.406268	
0.126474	-0.183775	0.354845	
0.128231	-0.187214	0.383548	
0.115625	-0.187253	0.409622	
0.00742692	-0.300399	0.384385	
-0.0197555	-0.292384	0.378413	
-0.0408477	-0.272561	0.379384	
0.0100886	-0.298471	0.380579	
-0.00990277	-0.285249	0.364321	
-0.0264439	-0.262129	0.358783	
0.0144376	-0.296734	0.378745	
0.00619565	-0.278818	0.357534	
-0.0029096	-0.252729	0.348862	
0.0193085	-0.295653	0.379376	
0.0242261	-0.274817	0.359871	
0.0234492	-0.246879	0.352277	
0.0233962	-0.295518	0.382303	
0.0393575	-0.274317	0.370704	
0.0455697	-0.246148	0.368114	
0.0256054	-0.296365	0.386741	
0.0475352	-0.277451	0.387132	
0.0575248	-0.25073	0.39213	
0.0253442	-0.297967	0.391501	
0.0465681	-0.283381	0.404752	
0.056111	-0.259399	0.417889	
0.0226824	-0.299894	0.395308	
0.0367153	-0.290517	0.418843	
0.0417072	-0.269831	0.438489	
0.0537805	-0.257356	0.33001	
0.0251489	-0.256889	0.325674	
-0.00111734	-0.246888	0.332662	
0.055431	-0.253374	0.32742	
0.0312586	-0.242147	0.316087	
0.00781447	-0.225336	0.318647	
0.0588601	-0.249767	0.326694	
0.0439517	-0.228797	0.313398	
0.0263705	-0.20582	0.314717	
0.0631488	-0.247503	0.328025	
0.0598271	-0.220416	0.318328	
0.0495788	-0.193568	0.321924	
0.067148	-0.247188	0.331058	
0.0746309	-0.21925	0.329555	
0.0712205	-0.191863	0.338337	
0.0697862	-0.248907	0.33498	
0.0843966	-0.225611	0.344072	
0.085497	-0.201163	0.359559	
0.0703564	-0.252198	0.338739	
0.0865074	-0.237796	0.357988	
0.0885827	-0.218975	0.379903	
0.0687059	-0.256181	0.341329	
0.0803976	-0.252538	0.367575	
0.0796509	-0.240527	0.393918	
0.0802082	-0.184355	0.299506	
0.0527527	-0.191517	0.293701	
0.0251566	-0.19399	0.302134	
0.0803156	-0.179384	0.298751	
0.0531503	-0.173116	0.290906	
0.0257378	-0.167089	0.298049	
0.0823407	-0.174879	0.299694	
0.0606467	-0.156437	0.294397	
0.0366968	-0.142706	0.303153	
0.0857409	-0.172045	0.302083	
0.0732332	-0.145949	0.303238	
0.055097	-0.127374	0.316077	
0.0896052	-0.171644	0.305276	
0.0875373	-0.144463	0.31506	
0.0760082	-0.125202	0.333359	
0.092898	-0.173782	0.308419	
0.0997262	-0.152377	0.326695	
0.0938272	-0.136771	0.350368	
0.0947371	-0.177886	0.31067	
0.106534	-0.16757	0.335025	
0.103779	-0.158981	0.362547	
0.0946297	-0.182857	0.311425	
0.106136	-0.185971	0.33782	
0.103198	-0.185882	0.366632	
-0.00543212	-0.300561	0.380559	
-0.0331346	-0.292933	0.384187	
-0.0529161	-0.273351	0.39219	
-0.00425967	-0.298643	0.37606	
-0.0287946	-0.285831	0.367535	
-0.0465714	-0.262969	0.367846	
-0.000824757	-0.296874	0.372841	
-0.0160797	-0.279283	0.355617	
-0.0279834	-0.253396	0.350424	
0.00395223	-0.295729	0.371763	
0.00160314	-0.275044	0.351628	
-0.00213286	-0.2472	0.344591	
0.00879131	-0.295514	0.373115	
0.0195158	-0.27425	0.356635	
0.0240537	-0.246038	0.351911	
0.0123959	-0.296288	0.376536	
0.0328586	-0.277113	0.369298	
0.0435596	-0.250224	0.370423	
0.0138	-0.297842	0.381108	
0.0380564	-0.282866	0.386222	
0.0511582	-0.258635	0.395165	
0.0126276	-0.299761	0.385607	
0.0337163	-0.289968	0.402875	
0.0448135	-0.269018	0.419509	
0.0189182	-0.257553	0.313362	
-0.0094759	-0.25747	0.319068	
-0.031919	-0.247706	0.334553	
0.0195258	-0.253578	0.310341	
-0.00722667	-0.242759	0.307884	
-0.0286309	-0.226201	0.318202	
0.0224468	-0.24994	0.308465	
0.0035861	-0.229289	0.30094	
-0.0128236	-0.206509	0.308051	
0.0268986	-0.247611	0.308238	
0.0200651	-0.220669	0.300098	
0.0112671	-0.193908	0.306821	
0.0316883	-0.247217	0.30972	
0.0377949	-0.219209	0.305584	
0.0371862	-0.191773	0.31484	
0.0355324	-0.248862	0.312514	
0.0520246	-0.225301	0.315927	
0.0579888	-0.200678	0.329961	
0.0374011	-0.252107	0.315871	
0.0589416	-0.237311	0.328356	
0.0681007	-0.218235	0.348131	
0.0367934	-0.256081	0.318893	
0.0566924	-0.252021	0.339541	
0.0648125	-0.239741	0.364482	
0.0322566	-0.184572	0.275232	
0.00457838	-0.192119	0.2792	
-0.0184371	-0.194828	0.296571	
0.0320264	-0.179608	0.274456	
0.00372625	-0.173745	0.27633	
-0.0196828	-0.167967	0.292374	
0.0341852	-0.175069	0.274624	
0.0117175	-0.156942	0.27695	
-0.0080004	-0.143404	0.293281	
0.0381546	-0.172171	0.27569	
0.0264109	-0.146213	0.280895	
0.0134799	-0.127719	0.299048	
0.042871	-0.17169	0.277368	
0.0438693	-0.144433	0.287108	
0.0390023	-0.125116	0.308131	
0.0470706	-0.173755	0.279209	
0.0594147	-0.152078	0.293924	
0.0617283	-0.136293	0.318096	
0.0496281	-0.177813	0.28072	
0.0688819	-0.1671	0.299517	
0.0755684	-0.158253	0.326272	
0.0498583	-0.182777	0.281496	
0.069734	-0.185474	0.302388	
0.0768141	-0.185114	0.330469	
-0.018821	-0.300916	0.381357	
-0.0437267	-0.293578	0.394189	
-0.0598709	-0.274148	0.408353	
-0.0192842	-0.299032	0.376718	
-0.0454414	-0.286602	0.377014	
-0.0623776	-0.26395	0.383245	
-0.0171822	-0.297257	0.372508	
-0.0376605	-0.280031	0.36143	
-0.0510026	-0.254344	0.360464	
-0.0130782	-0.296067	0.369856	
-0.0224688	-0.275626	0.351613	
-0.0287938	-0.247904	0.346112	
-0.00807181	-0.295781	0.369472	
-0.00393694	-0.274567	0.350193	
-0.00170207	-0.246355	0.344036	
-0.00350457	-0.296475	0.37146	
0.0129694	-0.277138	0.357551	
0.0230134	-0.250114	0.354792	
-0.000600233	-0.297964	0.375286	
0.0237203	-0.282649	0.371715	
0.0387302	-0.258171	0.375498	
-0.000137011	-0.299849	0.379926	
0.025435	-0.289625	0.388889	
0.0412369	-0.268369	0.400605	
-0.0195269	-0.258338	0.309632	
-0.0442616	-0.258531	0.324696	
-0.0602064	-0.24887	0.34686	
-0.0200467	-0.254389	0.306561	
-0.0461856	-0.243914	0.313329	
-0.063019	-0.227501	0.330242	
-0.0179961	-0.250736	0.303778	
-0.038595	-0.230391	0.303029	
-0.0519223	-0.207732	0.315184	
-0.0139246	-0.248357	0.302029	
-0.0235238	-0.221586	0.296556	
-0.0298897	-0.194861	0.305721	
-0.00892323	-0.247891	0.301783	
-0.00501026	-0.219859	0.295644	
-0.00282472	-0.192335	0.304388	
-0.00433201	-0.249461	0.303105	
0.0119849	-0.225671	0.300538	
0.0220205	-0.200832	0.311542	
-0.00138119	-0.252647	0.305641	
0.0229079	-0.237466	0.309926	
0.0379888	-0.218075	0.325267	
-0.000861437	-0.256596	0.308712	
0.0248318	-0.252083	0.321293	
0.0408015	-0.239444	0.341884	
-0.0210938	-0.185613	0.268807	
-0.0456369	-0.193444	0.282039	
-0.0612913	-0.196241	0.306244	
-0.0216482	-0.180661	0.268127	
-0.0476892	-0.175113	0.279523	
-0.0642916	-0.169443	0.302567	
-0.0196292	-0.176095	0.26752	
-0.0402154	-0.158212	0.277276	
-0.0533656	-0.144735	0.299281	
-0.0155777	-0.173139	0.267148	
-0.0252181	-0.147268	0.275899	
-0.031441	-0.128737	0.297268	
-0.0105793	-0.172584	0.267111	
-0.00671577	-0.145216	0.275761	
-0.00439248	-0.125736	0.297067	
-0.00597338	-0.17458	0.267418	
0.0103339	-0.152604	0.2769	
0.0205324	-0.136537	0.298732	
-0.00299404	-0.178591	0.267988	
0.0213624	-0.167453	0.27901	
0.036655	-0.158244	0.301816	
-0.00243961	-0.183544	0.268668	
0.0234147	-0.185784	0.281526	
0.0396553	-0.185042	0.305494	
-0.0311247	-0.301421	0.386685	
-0.0502544	-0.294242	0.407211	
-0.0608733	-0.274855	0.425924	
-0.0331727	-0.299592	0.382472	
-0.0578354	-0.28747	0.391615	
-0.0719561	-0.264954	0.403125	
-0.0326617	-0.297837	0.377787	
-0.0559438	-0.280973	0.374272	
-0.0691906	-0.255457	0.377771	
-0.0297286	-0.296626	0.373885	
-0.0450862	-0.276493	0.359829	
-0.0533179	-0.248907	0.356656	
-0.0251592	-0.296285	0.371812	
-0.028172	-0.27523	0.352156	
-0.028591	-0.247061	0.345438	
-0.020178	-0.296904	0.372124	
-0.00973333	-0.277522	0.353308	
-0.00163548	-0.250412	0.347123	
-0.0161197	-0.298318	0.374736	
0.00528918	-0.282756	0.362978	
0.020326	-0.258063	0.361259	
-0.0140717	-0.300148	0.378949	
0.0128703	-0.289528	0.378574	
0.0314088	-0.267964	0.384059	
-0.0569177	-0.259617	0.319267	
-0.0750126	-0.259943	0.341879	
-0.0825676	-0.250236	0.368099	
-0.0585134	-0.255708	0.316536	
-0.0809191	-0.245471	0.331767	
-0.0912023	-0.22908	0.353316	
-0.0575908	-0.25206	0.313198	
-0.0775039	-0.23197	0.319413	
-0.0862097	-0.209342	0.335256	
-0.0543971	-0.249652	0.31015	
-0.0656822	-0.223056	0.308127	
-0.0689274	-0.196312	0.318757	
-0.0497882	-0.249129	0.308206	
-0.0486215	-0.22112	0.300933	
-0.0439864	-0.193481	0.308241	
-0.044999	-0.250631	0.307889	
-0.0308932	-0.226678	0.299759	
-0.0180694	-0.201607	0.306525	
-0.0413126	-0.253755	0.309283	
-0.0172477	-0.238243	0.30492	
0.00187905	-0.218513	0.314068	
-0.039717	-0.257665	0.312015	
-0.0113412	-0.252715	0.315031	
0.0105138	-0.23967	0.328851	
-0.0734082	-0.187353	0.281005	
-0.0918363	-0.195333	0.301874	
-0.0982373	-0.198058	0.329988	
-0.0742344	-0.182416	0.280527	
-0.0948945	-0.177056	0.300103	
-0.102708	-0.171338	0.327398	
-0.0726118	-0.177833	0.279239	
-0.088888	-0.160092	0.295336	
-0.0939272	-0.146539	0.32043	
-0.0689751	-0.174833	0.277487	
-0.0754263	-0.148987	0.288853	
-0.0742475	-0.130305	0.310952	
-0.0642989	-0.17422	0.275741	
-0.0581164	-0.146717	0.282389	
-0.0489422	-0.126987	0.301502	
-0.059836	-0.176158	0.274468	
-0.0415965	-0.153891	0.277676	
-0.0247917	-0.137473	0.294613	
-0.0567824	-0.180127	0.27401	
-0.0302931	-0.168585	0.275979	
-0.00826715	-0.158955	0.292131	
-0.0559562	-0.185065	0.274488	
-0.0272349	-0.186862	0.27775	
-0.00379636	-0.185675	0.294721	
-0.108279	0.0577764	0.526636	
-0.10595	0.0480857	0.553829	
-0.0899318	0.0367581	0.575134	
-0.108232	0.0300221	0.520064	
-0.105913	0.0264967	0.548717	
-0.0899154	0.0271191	0.572852	
-0.0947577	0.00490458	0.519037	
-0.0954324	0.00695873	0.547918	
-0.0852359	0.0183959	0.572495	
-0.0714673	-0.010846	0.52383	
-0.0773157	-0.00529305	0.551646	
-0.0771472	0.0129258	0.574159	
-0.0446011	-0.0130093	0.533159	
-0.0564175	-0.00697576	0.558903	
-0.0678167	0.0121745	0.577399	
-0.021358	-0.00100554	0.544524	
-0.0383376	0.00236147	0.567743	
-0.0597445	0.0163433	0.581346	
-0.00796581	0.0219488	0.55488	
-0.0279203	0.0202168	0.575799	
-0.0550934	0.0243153	0.584943	
-0.00801306	0.0497031	0.561452	
-0.0279571	0.0418058	0.580911	
-0.0551098	0.0339542	0.587225	
-0.101861	0.116358	0.507662	
-0.1002	0.120334	0.536301	
-0.0855835	0.117775	0.561173	
-0.106902	0.089228	0.514875	
-0.104122	0.0992302	0.541912	
-0.0873343	0.108353	0.563678	
-0.0980578	0.0646782	0.526389	
-0.0972419	0.0801339	0.550869	
-0.0842627	0.0998269	0.567677	
-0.0776973	0.0492869	0.539119	
-0.0814042	0.0681616	0.560771	
-0.0771915	0.0944816	0.572098	
-0.0512763	0.0471783	0.549654	
-0.0608524	0.0665213	0.568965	
-0.0680156	0.0937492	0.575757	
-0.0258744	0.0589172	0.555171	
-0.0410932	0.0756526	0.573257	
-0.0591936	0.0978261	0.577672	
-0.00829793	0.0813584	0.554191	
-0.0274211	0.0931087	0.572495	
-0.0530894	0.10562	0.577332	
-0.00325654	0.108489	0.546978	
-0.0234996	0.114212	0.566884	
-0.0513385	0.115042	0.574827	
-0.086083	0.15708	0.463777	
-0.0826439	0.173685	0.487256	
-0.0677408	0.180637	0.511096	
-0.0954871	0.137837	0.482613	
-0.089959	0.158717	0.501907	
-0.0710068	0.173954	0.517637	
-0.0906117	0.120463	0.5047	
-0.0861666	0.145202	0.519088	
-0.0693136	0.16792	0.525308	
-0.072763	0.109613	0.524122	
-0.0722829	0.136763	0.534196	
-0.0631148	0.164151	0.532054	
-0.0467238	0.108195	0.535674	
-0.0520279	0.135659	0.543181	
-0.0540715	0.163659	0.536065	
-0.019471	0.116588	0.53626	
-0.030829	0.142188	0.543637	
-0.0446067	0.166574	0.536269	
0.00169285	0.132543	0.525724	
-0.0143664	0.154599	0.535441	
-0.0372566	0.172115	0.53261	
0.011097	0.151786	0.506888	
-0.00705133	0.169567	0.52079	
-0.0339905	0.178798	0.526068	
-0.0708502	0.0577092	0.55166	
-0.0592296	0.0483357	0.576477	
-0.036732	0.037425	0.591092	
-0.0726418	0.0298892	0.545632	
-0.0606232	0.0266956	0.571788	
-0.0373542	0.0277632	0.588998	
-0.0599605	0.00492333	0.540211	
-0.0507589	0.0072756	0.567571	
-0.0329501	0.0190926	0.587116	
-0.0362044	-0.0104989	0.53685	
-0.03228	-0.0047208	0.564957	
-0.0246997	0.0137365	0.585948	
-0.00773889	-0.0122452	0.536449	
-0.0101377	-0.00607914	0.564645	
-0.0148137	0.0131301	0.585809	
0.0178087	0.000152497	0.539116	
0.00973481	0.00356455	0.566719	
-0.00594108	0.0174357	0.586735	
0.033593	0.0233722	0.544136	
0.0220128	0.0216262	0.570624	
-0.000459257	0.0254998	0.588479	
0.0353846	0.0511921	0.550164	
0.0234064	0.0432663	0.575313	
0.000162935	0.0351616	0.590572	
-0.0721645	0.116158	0.531287	
-0.060879	0.120457	0.557611	
-0.0386093	0.118335	0.576005	
-0.074038	0.0890483	0.539949	
-0.0623364	0.0993689	0.564349	
-0.03926	0.10892	0.579014	
-0.0614314	0.0647283	0.547893	
-0.0525301	0.0804514	0.570528	
-0.0348817	0.100474	0.581772	
-0.0377225	0.0497149	0.552991	
-0.0340879	0.068773	0.574493	
-0.0266477	0.0952596	0.583543	
-0.00926412	0.0480308	0.553875	
-0.0119512	0.067463	0.575181	
-0.0167642	0.0946747	0.58385	
0.0163183	0.0601272	0.55031	
0.00794836	0.0768723	0.572408	
-0.00787955	0.0988758	0.582612	
0.03217	0.082763	0.54325	
0.0202788	0.0944799	0.566916	
-0.00237431	0.106737	0.58016	
0.0340435	0.109873	0.534587	
0.0217361	0.115568	0.560178	
-0.00172365	0.116152	0.577151	
-0.0729289	0.156596	0.484412	
-0.0619216	0.173489	0.505203	
-0.0398751	0.180868	0.522474	
-0.0750483	0.137444	0.505441	
-0.0635701	0.158591	0.521561	
-0.0406112	0.174217	0.529777	
-0.0626653	0.120364	0.524636	
-0.0539379	0.145306	0.536491	
-0.0363106	0.168285	0.536443	
-0.039098	0.109933	0.536853	
-0.0356058	0.137191	0.545995	
-0.0281258	0.164662	0.540686	
-0.0106611	0.108945	0.538819	
-0.0134858	0.136423	0.547524	
-0.0182498	0.164319	0.541369	
0.0150256	0.117665	0.530008	
0.00649489	0.143206	0.54067	
-0.00932886	0.167348	0.538309	
0.0310795	0.133757	0.512779	
0.0189826	0.155724	0.527269	
-0.00375341	0.172937	0.532326	
0.0331989	0.152909	0.49175	
0.0206312	0.170621	0.510911	
-0.00301735	0.179588	0.525023	
-0.0271284	0.0583501	0.562386	
-0.00759232	0.0493785	0.581794	
0.0187027	0.0388903	0.587905	
-0.030461	0.0304485	0.557498	
-0.0101847	0.0276749	0.577991	
0.0175453	0.0292002	0.586208	
-0.0200278	0.00557827	0.548219	
-0.00206911	0.0083293	0.570773	
0.0211687	0.0205628	0.582985	
0.00137557	-0.00959672	0.537033	
0.0145798	-0.00347474	0.562072	
0.0286021	0.0152926	0.5791	
0.0280142	-0.0110103	0.52694	
0.035301	-0.00457431	0.554221	
0.0378536	0.0148017	0.575595	
0.0527503	0.0017163	0.520642	
0.0545422	0.00532522	0.549323	
0.0464443	0.0192216	0.573408	
0.0689558	0.025173	0.519829	
0.0671479	0.0235713	0.54869	
0.0520724	0.027368	0.573125	
0.0722884	0.0530746	0.524717	
0.0697402	0.0452749	0.552492	
0.0532298	0.0370581	0.574823	
-0.0361844	0.11656	0.543343	
-0.0166501	0.121271	0.5642	
0.0105922	0.119608	0.573889	
-0.0345863	0.0895233	0.552285	
-0.015407	0.10024	0.571155	
0.0111472	0.110218	0.576994	
-0.0196672	0.0654398	0.555587	
-0.00380199	0.0815063	0.573724	
0.0163286	0.101854	0.578141	
0.00457524	0.0507628	0.552364	
0.0150553	0.0700895	0.571217	
0.0247479	0.0967568	0.577022	
0.0316453	0.0494248	0.54348	
0.036112	0.0690488	0.564307	
0.0341492	0.0962922	0.573937	
0.0542895	0.0617846	0.531316	
0.0537261	0.078663	0.554845	
0.0420135	0.100585	0.569712	
0.0664405	0.0845301	0.519131	
0.0631779	0.0963559	0.545366	
0.0462335	0.108484	0.56548	
0.0648424	0.111567	0.510189	
0.0619348	0.117387	0.53841	
0.0456784	0.117874	0.562375	
-0.0535115	0.156487	0.499312	
-0.0363143	0.173728	0.51499	
-0.00980563	0.181551	0.523643	
-0.0480373	0.137535	0.519913	
-0.0320561	0.158986	0.531014	
-0.00790445	0.174969	0.530798	
-0.0295919	0.120808	0.533821	
-0.0177082	0.145975	0.541833	
-0.00149843	0.169159	0.535628	
-0.00311773	0.110786	0.537311	
0.00288506	0.138179	0.544548	
0.00769595	0.165679	0.53684	
0.0242914	0.110155	0.529448	
0.0242056	0.137689	0.538431	
0.017215	0.16546	0.534109	
0.0452913	0.119085	0.512337	
0.0405406	0.144635	0.525121	
0.0245082	0.168561	0.528167	
0.0542551	0.135182	0.490565	
0.0475132	0.157156	0.508186	
0.0276213	0.174152	0.520605	
0.0487808	0.154133	0.469965	
0.043255	0.171898	0.492161	
0.0257201	0.180733	0.513451	
0.0176131	0.0596219	0.557523	
0.0427336	0.0510884	0.569139	
0.0696862	0.0409773	0.565959	
0.0132229	0.0316326	0.554233	
0.0393186	0.0293165	0.56658	
0.0681615	0.0312567	0.564817	
0.0202238	0.0067904	0.542094	
0.0447643	0.00999276	0.557138	
0.0705929	0.0226291	0.560601	
0.03674	-0.00824815	0.524359	
0.0576116	-0.00170516	0.543342	
0.0763289	0.0174063	0.554441	
0.0583459	-0.00945353	0.505778	
0.074418	-0.00264278	0.528889	
0.0838326	0.0169877	0.547989	
0.0792522	0.00349724	0.491332	
0.0906803	0.00743114	0.517651	
0.0910933	0.0214854	0.542971	
0.0938572	0.027134	0.484891	
0.102041	0.0258173	0.512641	
0.0961655	0.0296944	0.540734	
0.0982475	0.0551233	0.48818	
0.105456	0.0475891	0.5152	
0.0976902	0.039415	0.541877	
0.00173956	0.117515	0.542376	
0.0271519	0.122678	0.555273	
0.0560866	0.12144	0.55508	
0.00669449	0.0905958	0.550393	
0.0310061	0.101738	0.56151	
0.0578074	0.112091	0.557864	
0.0221973	0.0667268	0.548541	
0.0430652	0.0831713	0.560069	
0.0631915	0.103802	0.557221	
0.0440941	0.0523042	0.537315	
0.0600979	0.0719525	0.551337	
0.0707962	0.0987926	0.553322	
0.0665176	0.0511924	0.519724	
0.0775402	0.0710876	0.537654	
0.0785838	0.0984065	0.547213	
0.0834595	0.0636894	0.500481	
0.0907187	0.0808086	0.522685	
0.0844676	0.102747	0.54053	
0.0903801	0.0864465	0.484742	
0.096102	0.0985105	0.510443	
0.0868712	0.11065	0.535064	
0.0854252	0.113366	0.476725	
0.0922477	0.11945	0.504206	
0.0851503	0.119999	0.532279	
-0.0301729	0.156765	0.506681	
-0.00891088	0.174374	0.515435	
0.0188409	0.182601	0.514463	
-0.017712	0.138099	0.524282	
0.000781934	0.159854	0.529127	
0.0231685	0.176118	0.520576	
0.00461944	0.121739	0.531149	
0.0181527	0.147129	0.534468	
0.0309241	0.170436	0.522961	
0.0308379	0.112069	0.525442	
0.0385471	0.139607	0.530029	
0.0400297	0.167078	0.520978	
0.0539181	0.111679	0.508689	
0.0565003	0.139303	0.516998	
0.0480454	0.166943	0.51516	
0.0676757	0.120675	0.48538	
0.0672018	0.146301	0.498866	
0.0528233	0.170067	0.507065	
0.0684243	0.136645	0.461761	
0.0677841	0.158723	0.480494	
0.0530833	0.175613	0.498862	
0.0559635	0.155311	0.444159	
0.0580913	0.173243	0.466802	
0.0487557	0.182096	0.492749	
0.0579778	0.0613711	0.537655	
0.085678	0.053259	0.540038	
0.110069	0.0434343	0.5279	
0.0531411	0.0332985	0.53623	
0.0819157	0.0314224	0.53893	
0.108389	0.0336848	0.527405	
0.0559395	0.00841353	0.522577	
0.0840925	0.0120653	0.52831	
0.109361	0.0250423	0.522663	
0.0656233	-0.0066159	0.500355	
0.0916252	0.000374503	0.511024	
0.112724	0.0198227	0.514946	
0.0795976	-0.00776266	0.475517	
0.102495	-0.000517515	0.491703	
0.117578	0.0194244	0.50632	
0.094118	0.00528053	0.45472	
0.11379	0.00962828	0.475526	
0.12262	0.0239543	0.499097	
0.105294	0.0290187	0.443535	
0.122483	0.0280933	0.466826	
0.126502	0.0321985	0.495212	
0.110131	0.0570914	0.444961	
0.126246	0.04993	0.467935	
0.128182	0.041948	0.495707	
0.0370332	0.118909	0.528501	
0.0652437	0.124508	0.531908	
0.0923866	0.123611	0.521846	
0.0448251	0.0921363	0.534503	
0.0713048	0.103683	0.536576	
0.0950927	0.114313	0.52393	
0.0591127	0.0684341	0.527606	
0.0824185	0.0852456	0.531211	
0.100055	0.106081	0.521535	
0.0760676	0.0541532	0.509659	
0.0956071	0.074137	0.517251	
0.105943	0.101121	0.515302	
0.0911467	0.0531202	0.485471	
0.107337	0.0733335	0.498437	
0.11118	0.100763	0.506902	
0.10031	0.0656119	0.461523	
0.114464	0.0830503	0.479809	
0.114362	0.105101	0.498585	
0.101101	0.0882811	0.444233	
0.11508	0.100684	0.466359	
0.114637	0.112974	0.49258	
0.0933094	0.115054	0.438231	
0.109019	0.121509	0.461691	
0.111931	0.122272	0.490496	
-0.00572796	0.157397	0.505628	
0.0169836	0.175348	0.506486	
0.0426092	0.183892	0.49604	
0.0122698	0.139068	0.518022	
0.0309833	0.161091	0.516127	
0.0488598	0.177527	0.500344	
0.0358423	0.123047	0.516942	
0.0493195	0.148629	0.515286	
0.0570464	0.171963	0.499969	
0.0586733	0.113628	0.502676	
0.0670789	0.141302	0.504189	
0.0649756	0.168691	0.495015	
0.0746454	0.113333	0.479048	
0.079503	0.141073	0.48581	
0.0705226	0.168589	0.486808	
0.0794787	0.122243	0.452388	
0.0832626	0.148003	0.465072	
0.0722012	0.171683	0.47755	
0.0718783	0.13797	0.42984	
0.0773505	0.160236	0.447533	
0.0695616	0.177145	0.469719	
0.0538805	0.156299	0.417446	
0.0633508	0.174494	0.437892	
0.063311	0.183511	0.465414	
0.0890969	0.0633868	0.505181	
0.116061	0.0556287	0.498002	
0.134981	0.045965	0.478318	
0.0844788	0.0352454	0.50566	
0.112469	0.0337386	0.498376	
0.133377	0.0361916	0.478485	
0.0828114	0.0102519	0.492021	
0.111172	0.014297	0.487766	
0.132798	0.0275114	0.473748	
0.0845418	-0.00489684	0.467916	
0.112518	0.00251341	0.469016	
0.133399	0.0222503	0.465377	
0.0892061	-0.00614163	0.439806	
0.116146	0.00154514	0.44715	
0.135018	0.021818	0.455614	
0.0955546	0.00685106	0.415222	
0.121084	0.0116517	0.428027	
0.137223	0.0263303	0.447076	
0.101886	0.0305998	0.400751	
0.12601	0.0301249	0.416771	
0.139422	0.0345782	0.44205	
0.106504	0.0587412	0.400271	
0.129602	0.052015	0.416398	
0.141026	0.0443516	0.441884	
0.0654397	0.120573	0.503394	
0.0930311	0.126541	0.496922	
0.115114	0.125858	0.478196	
0.0752066	0.0939591	0.50653	
0.100628	0.105839	0.499362	
0.118506	0.116615	0.479285	
0.0866264	0.0703558	0.495306	
0.109511	0.0874791	0.490631	
0.122472	0.108418	0.475387	
0.0966392	0.0560868	0.472731	
0.1173	0.0763798	0.473071	
0.125949	0.103462	0.467547	
0.102562	0.0549757	0.444853	
0.121907	0.0755155	0.451386	
0.128006	0.103076	0.457865	
0.102808	0.0673202	0.419142	
0.122098	0.0851178	0.431386	
0.128092	0.107364	0.448936	
0.097311	0.0898125	0.402488	
0.117823	0.102614	0.418431	
0.126183	0.115175	0.443152	
0.087544	0.116426	0.399352	
0.110225	0.123315	0.415992	
0.122791	0.124418	0.442063	
0.0168748	0.158308	0.496282	
0.0382458	0.176534	0.489221	
0.0586326	0.185269	0.470596	
0.0382919	0.140325	0.501889	
0.0549053	0.162546	0.493582	
0.0660707	0.179024	0.472544	
0.0603107	0.124574	0.492913	
0.0720329	0.150294	0.4866	
0.0737177	0.173554	0.469426	
0.0770313	0.115274	0.47176	
0.0850392	0.14306	0.470146	
0.0795247	0.170324	0.46208	
0.0839734	0.114918	0.444099	
0.0904392	0.142783	0.448629	
0.0819357	0.1702	0.452473	
0.0792769	0.123601	0.41734	
0.086786	0.149537	0.427814	
0.0803046	0.173216	0.44318	
0.0642002	0.138996	0.398653	
0.0750584	0.161513	0.413279	
0.0750685	0.178563	0.43669	
0.0427831	0.156979	0.393047	
0.0583989	0.175501	0.408918	
0.0676305	0.184808	0.434743	
0.107217	0.0654259	0.464015	
0.130219	0.0579115	0.448101	
0.141416	0.048264	0.423195	
0.103456	0.0372385	0.466211	
0.127293	0.0359856	0.449809	
0.14011	0.0384746	0.423957	
0.0975984	0.0120837	0.454111	
0.122737	0.0164187	0.440397	
0.138075	0.0297385	0.419755	
0.0912136	-0.00329831	0.430957	
0.11777	0.00445358	0.422386	
0.135858	0.0243963	0.411714	
0.0860125	-0.00478595	0.402952	
0.113724	0.0032964	0.400603	
0.134052	0.0238797	0.401988	
0.0833887	0.0080194	0.377602	
0.111683	0.0132572	0.380884	
0.13314	0.0283269	0.393184	
0.0840454	0.0316866	0.361698	
0.112194	0.031667	0.368513	
0.133368	0.0365465	0.38766	
0.0878065	0.059874	0.359502	
0.11512	0.0535929	0.366805	
0.134675	0.0463358	0.386898	
0.0835326	0.122306	0.470082	
0.107162	0.128531	0.454536	
0.121527	0.127911	0.429395	
0.0941743	0.0958444	0.469849	
0.11544	0.107948	0.454355	
0.125223	0.118721	0.429314	
0.10142	0.07226	0.455539	
0.121076	0.0896022	0.443223	
0.127739	0.11053	0.424344	
0.103328	0.0578718	0.430986	
0.12256	0.0784102	0.424125	
0.128402	0.105533	0.415817	
0.0993867	0.0565352	0.402769	
0.119495	0.0773705	0.402176	
0.127033	0.105069	0.406018	
0.0906528	0.0686083	0.37845	
0.112701	0.0867617	0.383259	
0.124	0.109262	0.397572	
0.0794663	0.090856	0.364543	
0.103999	0.104067	0.372441	
0.120115	0.116988	0.392742	
0.0688245	0.117317	0.364776	
0.0957214	0.124651	0.372622	
0.116419	0.126178	0.392823	
0.0349092	0.159386	0.47977	
0.0523112	0.177788	0.465723	
0.0649783	0.186566	0.441202	
0.0572157	0.141719	0.477827	
0.0696625	0.164045	0.464211	
0.0727253	0.18043	0.440527	
0.0750734	0.126134	0.461961	
0.0835534	0.151923	0.45187	
0.0789272	0.175018	0.435016	
0.0836974	0.116809	0.436423	
0.0902617	0.144669	0.432005	
0.0819223	0.171779	0.426147	
0.0807769	0.116242	0.408057	
0.0879899	0.144228	0.40994	
0.080908	0.171582	0.416296	
0.0670945	0.124585	0.384463	
0.0773469	0.150717	0.391587	
0.0761561	0.174479	0.408102	
0.0463163	0.139601	0.371962	
0.0611843	0.162398	0.381863	
0.0689399	0.179695	0.40376	
0.0240098	0.157269	0.373906	
0.043833	0.176141	0.383375	
0.061193	0.18583	0.404435	
0.110153	0.0672424	0.419125	
0.126443	0.0598322	0.396354	
0.128599	0.0500542	0.369178	
0.107784	0.0390374	0.422641	
0.1246	0.0378926	0.399089	
0.127776	0.0402587	0.370399	
0.0985169	0.0136881	0.41342	
0.117391	0.0181744	0.391916	
0.124558	0.031455	0.367196	
0.084834	-0.00201313	0.393933	
0.106748	0.00596099	0.376758	
0.119806	0.026002	0.360429	
0.070402	-0.00385915	0.369401	
0.0955217	0.00452504	0.357675	
0.114794	0.0253609	0.351909	
0.0590878	0.00864465	0.346398	
0.0867208	0.0142513	0.339782	
0.110864	0.0297034	0.34392	
0.0539232	0.0321479	0.331087	
0.0827035	0.0325336	0.327873	
0.109071	0.037866	0.338603	
0.056292	0.0603529	0.327571	
0.0845461	0.0544732	0.325138	
0.109893	0.0476615	0.337381	
0.0891298	0.123899	0.432582	
0.105933	0.130238	0.409861	
0.110853	0.129521	0.381329	
0.0994406	0.0975646	0.428884	
0.113953	0.109754	0.406984	
0.114434	0.120375	0.380044	
0.101709	0.0739171	0.413099	
0.115718	0.091359	0.394706	
0.115222	0.112163	0.374563	
0.0953263	0.0592929	0.389458	
0.110753	0.0799834	0.376316	
0.113005	0.107084	0.366352	
0.0820036	0.0576105	0.364295	
0.10039	0.0786748	0.356743	
0.108378	0.1065	0.357613	
0.0653103	0.0693208	0.344353	
0.0874047	0.0877837	0.341231	
0.102581	0.110566	0.350687	
0.0497195	0.0912859	0.334975	
0.0752772	0.10487	0.333936	
0.097166	0.118195	0.34743	
0.0394087	0.11762	0.338673	
0.0672568	0.125354	0.336812	
0.0935851	0.127341	0.348715	
0.0462001	0.160503	0.458083	
0.0574833	0.178959	0.438826	
0.060881	0.187625	0.411401	
0.0667587	0.14308	0.448739	
0.0734751	0.165407	0.431557	
0.0680209	0.181575	0.408155	
0.0783499	0.127541	0.427818	
0.0824914	0.15332	0.415284	
0.0720465	0.176178	0.40089	
0.0778678	0.118048	0.400927	
0.0821164	0.145936	0.394366	
0.0718791	0.172881	0.391551	
0.0654416	0.117146	0.37527	
0.0724506	0.145234	0.374409	
0.0675635	0.172568	0.38264	
0.0444009	0.125075	0.357723	
0.0560838	0.151401	0.360759	
0.0602562	0.175321	0.376546	
0.0203836	0.139712	0.352986	
0.0374016	0.162787	0.357075	
0.051915	0.180405	0.374901	
-0.000175011	0.157134	0.36233	
0.0214099	0.176339	0.364344	
0.0447751	0.186455	0.378146	
0.0975504	0.0686172	0.375924	
0.105189	0.0611591	0.349001	
0.0980756	0.0511195	0.322783	
0.0969413	0.040425	0.380204	
0.104715	0.0392295	0.352331	
0.0978641	0.0413285	0.324269	
0.0854562	0.0148715	0.374856	
0.0957809	0.0193524	0.34817	
0.0938754	0.0324538	0.322412	
0.0661725	-0.00119629	0.361311	
0.0807809	0.00685384	0.337634	
0.0871782	0.0268735	0.317708	
0.0442574	-0.00347301	0.343199	
0.0637339	0.00508286	0.323546	
0.0795672	0.0260828	0.311418	
0.0255829	0.00865138	0.325373	
0.0492077	0.014514	0.30968	
0.0730816	0.0302936	0.305227	
0.0151528	0.0319282	0.31261	
0.0410946	0.0326201	0.299752	
0.0694593	0.0383775	0.300794	
0.015762	0.0601203	0.308329	
0.0415684	0.0545497	0.296422	
0.0696708	0.0481686	0.299307	
0.0815562	0.125161	0.395419	
0.0894913	0.131457	0.368286	
0.0843788	0.130496	0.339795	
0.0903703	0.0989124	0.388576	
0.0963475	0.111039	0.362963	
0.08744	0.12138	0.337419	
0.0874582	0.0751273	0.373107	
0.0940824	0.0925376	0.35093	
0.0864286	0.113119	0.332046	
0.0736002	0.0601786	0.353157	
0.0833027	0.0809096	0.335412	
0.0816158	0.107928	0.325118	
0.0525095	0.058072	0.334072	
0.0668971	0.0792709	0.320567	
0.074291	0.107196	0.31849	
0.0298373	0.0693718	0.320965	
0.0492612	0.0880606	0.310372	
0.0664171	0.11112	0.313938	
0.0116587	0.0910502	0.317349	
0.0351208	0.104923	0.307559	
0.0601037	0.118649	0.312682	
0.00284451	0.117299	0.324192	
0.0282646	0.125341	0.312882	
0.0570426	0.127765	0.315059	
0.0493855	0.161522	0.433837	
0.0531383	0.179906	0.411774	
0.0468349	0.18832	0.384788	
0.0657698	0.144247	0.418133	
0.065883	0.166468	0.399559	
0.0525251	0.18232	0.379334	
0.0697449	0.128624	0.394604	
0.0689751	0.154316	0.381256	
0.0539056	0.176895	0.371163	
0.0602455	0.118842	0.369553	
0.0615859	0.146706	0.36177	
0.0506065	0.173497	0.362462	
0.0398171	0.11752	0.349692	
0.0456954	0.145678	0.346321	
0.0435118	0.173038	0.355565	
0.0139334	0.125014	0.340345	
0.0255615	0.151507	0.33905	
0.0345225	0.175641	0.352319	
-0.0104701	0.139314	0.344014	
0.00657894	0.162631	0.341904	
0.0260472	0.180607	0.353593	
-0.0268544	0.15659	0.359717	
-0.0061658	0.176069	0.35412	
0.020357	0.186607	0.359047	
0.0709292	0.0693845	0.339622	
0.06902	0.0617321	0.311755	
0.0535275	0.0513315	0.289605	
0.0722348	0.0412341	0.34402	
0.0700356	0.0398349	0.315176	
0.0539809	0.041555	0.291133	
0.0599915	0.0154912	0.34307	
0.060512	0.0198106	0.314437	
0.0497289	0.0326146	0.290803	
0.03748	-0.000946331	0.337026	
0.0430011	0.00702442	0.309735	
0.0419107	0.0269059	0.288704	
0.0107321	-0.00367411	0.327507	
0.022195	0.00490259	0.302331	
0.0326213	0.0259585	0.285398	
-0.0130849	0.00803878	0.317064	
0.00366862	0.0140136	0.294208	
0.0243497	0.0300264	0.281771	
-0.0275895	0.0310539	0.308495	
-0.00761391	0.0319162	0.287543	
0.0193123	0.0380194	0.278795	
-0.028895	0.0592043	0.304097	
-0.00862943	0.0538133	0.284121	
0.0188589	0.047796	0.277268	
0.0617251	0.125939	0.363074	
0.0598206	0.13204	0.334826	
0.0452978	0.130716	0.309803	
0.0680573	0.0997251	0.353786	
0.0647462	0.111649	0.327602	
0.0474969	0.121612	0.306578	
0.0603872	0.0757445	0.340385	
0.0587798	0.0929957	0.317177	
0.0448331	0.113284	0.301924	
0.0407698	0.0604222	0.326461	
0.0435202	0.0810771	0.306346	
0.0380201	0.107962	0.297088	
0.0144618	0.0578639	0.315745	
0.0230562	0.0790871	0.29801	
0.0288834	0.107074	0.293366	
-0.0114877	0.0687551	0.311108	
0.00287106	0.0875589	0.294404	
0.0198712	0.110856	0.291756	
-0.0301256	0.0901774	0.313793	
-0.0116266	0.104223	0.296492	
0.0133983	0.118296	0.292688	
-0.0364578	0.116391	0.32308	
-0.0165522	0.124613	0.303716	
0.0111992	0.1274	0.295914	
0.0440813	0.162323	0.409956	
0.0398002	0.180514	0.387831	
0.0245341	0.188567	0.364574	
0.0543684	0.145076	0.389702	
0.0478022	0.167099	0.372076	
0.0281067	0.182577	0.357539	
0.0502963	0.129253	0.366323	
0.0446346	0.154791	0.35389	
0.0266925	0.177082	0.34942	
0.0329561	0.119094	0.346085	
0.0311463	0.146888	0.338148	
0.0206703	0.173553	0.342391	
0.00699401	0.11732	0.334409	
0.0109515	0.145508	0.329066	
0.0116538	0.172937	0.338336	
-0.0206333	0.124407	0.334425	
-0.0105388	0.151021	0.329078	
0.00205891	0.175399	0.338342	
-0.0425232	0.138456	0.346127	
-0.0275661	0.161949	0.338181	
-0.00554338	0.180278	0.342406	
-0.0528103	0.155703	0.366382	
-0.0355681	0.175365	0.353936	
-0.00911605	0.186267	0.34944	
0.0335005	0.0694517	0.314599	
0.0222995	0.0614821	0.289107	
0.000327711	0.0506647	0.273648	
0.0366448	0.041367	0.318453	
0.0247454	0.039636	0.292106	
0.00141972	0.0409109	0.274986	
0.0251943	0.0154725	0.321896	
0.0158385	0.0194937	0.294784	
-0.002557	0.0319179	0.276182	
0.00221706	-0.00129339	0.324006	
-0.00203463	0.00645217	0.296425	
-0.0105369	0.0260951	0.276915	
-0.0261301	-0.00443818	0.324217	
-0.0240848	0.00400597	0.296589	
-0.0203818	0.025003	0.276988	
-0.0522516	0.00688074	0.322472	
-0.0444038	0.0128105	0.295232	
-0.0294537	0.028934	0.276382	
-0.0691483	0.0296305	0.31924	
-0.057547	0.0305067	0.292717	
-0.0353218	0.0368349	0.275259	
-0.0722926	0.0577152	0.315385	
-0.0599929	0.0523527	0.289719	
-0.0364138	0.0465886	0.273921	
0.0320287	0.126139	0.339448	
0.0204994	0.131917	0.313516	
-0.00167642	0.130156	0.294971	
0.035193	0.0999048	0.328712	
0.0229608	0.111511	0.305165	
-0.000577458	0.121045	0.291242	
0.0237607	0.0756943	0.318881	
0.014068	0.0926782	0.297517	
-0.00454786	0.112637	0.287828	
0.000795011	0.0599943	0.312589	
-0.0037961	0.0804657	0.292624	
-0.0125238	0.107184	0.285643	
-0.0275504	0.0570114	0.311524	
-0.0258449	0.0781455	0.291795	
-0.022368	0.106148	0.285273	
-0.0536804	0.0675451	0.315969	
-0.0461705	0.0863392	0.295252	
-0.0314429	0.109807	0.286817	
-0.0705935	0.0887727	0.324734	
-0.0593265	0.102851	0.30207	
-0.0373167	0.117179	0.289861	
-0.0737579	0.115006	0.335471	
-0.061788	0.123258	0.310422	
-0.0384157	0.12629	0.29359	
0.0309272	0.162807	0.389321	
0.0190779	0.18071	0.369883	
-0.00333159	0.188335	0.353196	
0.0339296	0.145469	0.366874	
0.0214133	0.167224	0.352422	
-0.00228888	0.182313	0.3454	
0.0223499	0.129352	0.346388	
0.0124059	0.154688	0.336487	
-0.00631046	0.176716	0.338285	
-0.000709038	0.118774	0.333354	
-0.00553075	0.146459	0.326348	
-0.0143188	0.173042	0.333758	
-0.0290686	0.11657	0.331264	
-0.0275906	0.144745	0.324722	
-0.0241679	0.172277	0.333032	
-0.0551299	0.123329	0.340677	
-0.0478627	0.150003	0.332045	
-0.0332189	0.174624	0.336302	
-0.0719099	0.137242	0.359072	
-0.0609152	0.160825	0.346354	
-0.0390465	0.179456	0.34269	
-0.0749122	0.154579	0.38152	
-0.0632506	0.174311	0.363815	
-0.0400892	0.185477	0.350486	
-0.0102214	0.0688108	0.303872	
-0.0293378	0.0604393	0.283791	
-0.0551071	0.0491994	0.276834	
-0.00553596	0.0408077	0.306586	
-0.0256931	0.0386567	0.285902	
-0.0534798	0.039474	0.277777	
-0.0147384	0.0148175	0.313889	
-0.0328514	0.01844	0.291582	
-0.0566758	0.0304477	0.280313	
-0.0353629	-0.00219562	0.323822	
-0.0488944	0.00520611	0.299309	
-0.0638386	0.0245391	0.283763	
-0.0618832	-0.00567307	0.333726	
-0.0695235	0.00250114	0.307013	
-0.073049	0.0233314	0.287202	
-0.0871932	0.00531694	0.340945	
-0.0892112	0.0110498	0.312628	
-0.0818391	0.0271482	0.289709	
-0.104511	0.0278296	0.343546	
-0.102682	0.0285616	0.314652	
-0.0878535	0.0349667	0.290613	
-0.109197	0.0558328	0.340832	
-0.106327	0.0503442	0.31254	
-0.0894807	0.0446921	0.28967	
-0.00395142	0.125737	0.327392	
-0.0237296	0.131103	0.306927	
-0.0508779	0.128883	0.297087	
-0.00425876	0.0994298	0.316376	
-0.0239686	0.11064	0.298358	
-0.0509847	0.119747	0.293261	
-0.0180035	0.0749829	0.311187	
-0.0346601	0.0916233	0.294322	
-0.0557582	0.111257	0.291459	
-0.0415027	0.0589464	0.313216	
-0.0529393	0.0791491	0.2959	
-0.0639194	0.105687	0.292164	
-0.0684598	0.0556173	0.321918	
-0.0739082	0.0765596	0.302669	
-0.0732815	0.104531	0.295186	
-0.0916517	0.0658877	0.334962	
-0.0919482	0.0845485	0.312816	
-0.0813359	0.108098	0.299716	
-0.104864	0.0870056	0.348853	
-0.102226	0.100975	0.323621	
-0.0859245	0.115432	0.30454	
-0.104557	0.113313	0.359869	
-0.101987	0.121438	0.33219	
-0.0858178	0.124568	0.308366	
0.0115099	0.162916	0.374421	
-0.00652932	0.180471	0.360097	
-0.0334011	0.187652	0.352026	
0.0069186	0.145378	0.352402	
-0.0101007	0.166829	0.342969	
-0.0349956	0.181562	0.344379	
-0.0107235	0.128909	0.337203	
-0.0238238	0.154019	0.331146	
-0.0411227	0.175842	0.339101	
-0.0366893	0.117922	0.332896	
-0.0440216	0.145472	0.327796	
-0.0501405	0.172026	0.337605	
-0.0640212	0.11536	0.340635	
-0.065282	0.143479	0.333816	
-0.0596327	0.171136	0.340293	
-0.0853957	0.12191	0.358347	
-0.0819084	0.148574	0.347593	
-0.067056	0.173411	0.346444	
-0.0950855	0.135817	0.381286	
-0.0894458	0.159392	0.365437	
-0.0704213	0.178241	0.354411	
-0.0904942	0.153355	0.403305	
-0.0858744	0.173034	0.382565	
-0.0688267	0.184332	0.362058	
